25.21554946899414
1.3542314767837524
-1.3169793237466365E-4
10.203058242797852
28.886150360107422
0.021190539002418518
0.0
0.0
-0.056630268692970276
28.379619598388672
0.7401570677757263
51.95475769042969
72.51789855957031
19.052804946899414
1.1874656677246094
0.5789549350738525
19.480316162109375
7.490758419036865
0.011758052743971348
22.432905197143555
-0.0026276560965925455
0.0
-1.921690821647644
5.302903175354004
-0.3441634774208069
3.316171884536743
42.07681655883789
0.19539737701416016
-0.0029284623451530933
0.0
0.0
0.0
10.472147941589355
9.241628646850586
0.0
0.0
-0.003480297513306141
-0.02507242001593113
49.93907928466797
13.50887680053711
4.834485054016113
-0.0134108392521739
-0.9016029834747314
17.703109741210938
0.27825698256492615
0.16123315691947937
0.0
0.0
-0.010495433583855629
0.6203621625900269
-0.0572124607861042
0.13429510593414307
0.0
0.0
18.048187255859375
9.018939971923828
0.04943631589412689
0.0
1.1067078113555908
7.206599235534668
1.6860250234603882
0.15108077228069305
0.0
2.2333600521087646
8.004176139831543
3.5785911083221436
0.31445303559303284
0.0
0.0
0.0
-0.04335995763540268
-0.021337421610951424
4.912192344665527
0.17819362878799438
1.5670807361602783
17.252933502197266
6.736991882324219
1.0633795261383057
0.012924211099743843
0.0
0.0
0.9419167041778564
25.387985229492188
-0.047541651874780655
23.466079711914062
3.915788412094116
6.355671405792236
-0.0920255035161972
4.521603107452393
5.496342658996582
45.651123046875
0.12852410972118378
NaN
NaN
NaN
NaN
NaN
NaN
NaN
NaN
NaN
NaN
NaN
NaN
NaN
NaN
NaN
NaN
NaN
NaN
NaN
NaN
NaN
NaN
NaN
NaN
NaN
NaN
NaN
NaN
NaN
NaN
NaN
NaN
NaN
NaN
NaN
NaN
NaN
NaN
NaN
NaN
NaN
NaN
NaN
NaN
NaN
NaN
NaN
NaN
NaN
NaN
NaN
NaN
NaN
NaN
NaN
NaN
NaN
NaN
NaN
NaN
NaN
NaN
NaN
NaN
NaN
NaN
NaN
NaN
NaN
NaN
NaN
NaN
NaN
NaN
NaN
NaN
NaN
NaN
NaN
NaN
NaN
NaN
NaN
NaN
NaN
NaN
NaN
NaN
NaN
NaN
NaN
NaN
NaN
NaN
NaN
NaN
NaN
NaN
NaN
NaN
NaN
NaN
NaN
NaN
NaN
NaN
NaN
NaN
NaN
NaN
NaN
NaN
NaN
NaN
NaN
NaN
NaN
NaN
NaN
NaN
NaN
NaN
NaN
NaN
NaN
NaN
NaN
NaN
NaN
NaN
NaN
NaN
NaN
NaN
NaN
NaN
NaN
NaN
NaN
NaN
NaN
NaN
NaN
NaN
NaN
NaN
NaN
NaN
NaN
NaN
NaN
NaN
NaN
NaN
NaN
NaN
NaN
NaN
NaN
NaN
NaN
NaN
NaN
NaN
NaN
NaN
NaN
NaN
NaN
NaN
NaN
NaN
NaN
NaN
NaN
NaN
NaN
NaN
NaN
NaN
NaN
NaN
NaN
NaN
NaN
NaN
NaN
NaN
NaN
NaN
NaN
NaN
NaN
NaN
NaN
NaN
NaN
NaN
NaN
NaN
NaN
NaN
NaN
NaN
NaN
NaN
NaN
NaN
NaN
NaN
NaN
NaN
NaN
NaN
NaN
NaN
NaN
NaN
NaN
NaN
NaN
NaN
NaN
NaN
NaN
NaN
NaN
NaN
NaN
NaN
NaN
NaN
NaN
NaN
NaN
NaN
NaN
NaN
NaN
NaN
NaN
NaN
NaN
0.0
0.0
0.0
0.0
0.0
0.0
0.0
0.0
0.0
0.0
0.0
0.0
0.0
0.0
0.0
0.4802543520927429
0.24090789258480072
0.0
0.0
0.10633394122123718
-0.0013138280482962728
2.3474581241607666
6.108303070068359
0.0
1.3380874395370483
22.79486083984375
0.0
47.479461669921875
0.0
19.620948791503906
107.61572265625
2.4170329570770264
5.812751770019531
0.9692153334617615
1.1724225282669067
0.04418595880270004
3.520218849182129
0.0
2.173734664916992
0.008681915700435638
0.016727272421121597
0.0
-5.830799927935004E-4
0.12924210727214813
0.0
27.45558738708496
28.167543411254883
0.4559398293495178
0.025660282000899315
0.05169684439897537
-0.32671037316322327
1.8192830085754395
0.0
0.0
0.0
-0.0015051276423037052
-0.021173175424337387
-0.07748907804489136
-1.3360419273376465
7.3621506690979
0.433767706155777
0.0
-0.004504930693656206
-0.01242847926914692
0.0
2.796674966812134
0.0
-0.6855454444885254
19.70323944091797
0.0701088011264801
-0.7887755632400513
1.4246912002563477
0.025848422199487686
0.0
5.304555416107178
0.8844535946846008
0.0
-0.0011661599855870008
0.0
0.0
0.0
-0.3500925898551941
5.823463439941406
0.0
-0.5923510193824768
7.540893077850342
5.730040073394775
29.959150314331055
32.98590850830078
10.743196487426758
1.4174978733062744
-0.228030264377594
1.483481526374817
0.0
6.243335723876953
32.40581130981445
9.976300239562988
-0.07833695411682129
-3.762819105759263E-4
0.12604312598705292
0.775452733039856
0.01418683398514986
40.59233093261719
8.074847221374512
5.281979084014893
2.1931140422821045
-0.001445526722818613
-0.032845694571733475
-0.05203104764223099
0.0
0.0
6.22154426574707
0.0
0.0
0.0
0.0
0.0
0.0
0.0
7.49285888671875
0.0
-3.7628065911121666E-5
17.107393264770508
-0.002193522173911333
1.843705654144287
-0.019921470433473587
-0.21756261587142944
10.78728199005127
2.215141534805298
-0.013834246434271336
0.0
0.7871319055557251
13.031404495239258
1.9453035593032837
2.335845470428467
1.393357276916504
5.513087749481201
0.43472859263420105
0.37532636523246765
0.01476231124252081
0.0
0.0
-0.2839623689651489
0.5423983335494995
7.508831977844238
3.3701438903808594
15.62183666229248
1.8604801893234253
30.65734100341797
8.924932479858398
0.0
0.334545373916626
-1.7015936374664307
15.407870292663574
0.0
-0.0075201429426670074
0.0
0.0
1.750272274017334
2.85425066947937
4.086029529571533
5.177074909210205
3.644077777862549
4.880914211273193
-0.2588653564453125
22.43603515625
11.62483024597168
1.7533751726150513
-0.058399833738803864
0.02662784419953823
-0.015603074803948402
0.7870998978614807
9.314688682556152
3.2169570922851562
1.3455232381820679
0.9644002914428711
0.5795197486877441
0.0
0.0
0.0
0.0
-1.5878158807754517
32.80350112915039
0.0
0.4784949719905853
21.697784423828125
18.57246971130371
10.485269546508789
-0.30125561356544495
-0.3767291307449341
1.8382315635681152
0.73329758644104
-0.9599279165267944
35.224517822265625
24.35049057006836
0.4496142864227295
-0.032845694571733475
-0.01946200430393219
9.681190490722656
19.473588943481445
10.667799949645996
0.37820154428482056
0.2219640165567398
-0.023708239197731018
-7.902747020125389E-4
0.05318934842944145
9.332866668701172
21.893348693847656
4.921325206756592
-0.024765275418758392
-0.1268799602985382
11.8266019821167
13.669543266296387
0.09275750070810318
0.0
-0.0015790298348292708
-0.0031225946731865406
0.0
-0.2940610349178314
0.2928934097290039
0.334545373916626
2.120619535446167
1.2415090799331665
2.366128444671631
2.6768813133239746
16.03714942932129
-0.1363154798746109
-0.12425432354211807
4.9909162521362305
4.8814921379089355
3.8508052825927734
7.325132846832275
20.11874771118164
-0.09088223427534103
-0.5172349810600281
-2.169457197189331
-0.367599219083786
0.8792505860328674
36.89988708496094
-0.0028005775529891253
-1.2780170440673828
12.735480308532715
-0.11027778685092926
-0.0015790298348292708
-0.004112886730581522
0.033730339258909225
-0.0027817629743367434
7.80802059173584
2.105386972427368
3.0051794052124023
0.1539149135351181
-0.0098645631223917
-3.7628065911121666E-5
-0.0016932646976783872
-0.002069545676931739
0.0
-0.24229657649993896
71.38796997070312
0.5074161291122437
22.785552978515625
5.377125263214111
14.774285316467285
-0.01605653390288353
0.9035740494728088
-0.0033448818139731884
0.0
0.03875381872057915
0.0
0.0
-0.04161979258060455
-1.6093299388885498
13.589038848876953
5.785519123077393
0.0
-0.22847288846969604
2.3432133197784424
0.36284857988357544
-0.004327232483774424
0.39254745841026306
12.400432586669922
47.971981048583984
29.919471740722656
12.19534683227539
1.2210693359375
60.237510681152344
13.574251174926758
15.295313835144043
0.05018181353807449
5.000406742095947
-0.04413053020834923
13.91652774810791
0.6043869853019714
0.046836938709020615
0.4317339062690735
0.28968486189842224
0.012924211099743843
0.0
0.0
-0.004244314972311258
-0.0019145729020237923
0.0
0.0
13.257838249206543
10.350884437561035
42.88368606567383
-0.0076992507092654705
-6.01893407292664E-4
-0.06584437936544418
-0.9663874506950378
12.293203353881836
8.502054214477539
0.08281844854354858
0.0
0.01825605146586895
0.06609117984771729
0.0
0.029651479795575142
0.04257569462060928
0.016727272421121597
0.01770365796983242
-0.0017492416081950068
0.0
-0.045835934579372406
5.570073127746582
13.501823425292969
4.325957775115967
-0.08478513360023499
5.499008655548096
18.957923889160156
25.071504592895508
0.6438889503479004
-0.0013326420448720455
-0.6652388572692871
13.386985778808594
3.1393496990203857
0.22307021915912628
31.735191345214844
0.09252724051475525
-0.029805369675159454
2.5235209465026855
0.12319226562976837
-0.4150739908218384
29.165407180786133
2.2090306282043457
0.016727272421121597
0.0
3.949068784713745
5.392605781555176
4.816779136657715
1.5498613119125366
0.8901605606079102
-0.001370270038023591
-0.3072611093521118
-3.0293564796447754
49.92176055908203
24.496496200561523
25.53135871887207
14.405381202697754
2.85151743888855
0.0
0.0
0.0
9.855547904968262
6.052868366241455
0.03877263516187668
0.012924211099743843
0.5862872004508972
0.025848422199487686
0.0
0.0
16.742450714111328
38.02104187011719
0.0
0.0
0.0
-1.2814157009124756
28.12370491027832
11.528543472290039
2.7430694103240967
0.0
4.850550651550293
26.78213119506836
33.45018768310547
5.285892486572266
26.669034957885742
0.14126081764698029
0.0
-1.8814032955560833E-5
0.0
0.0
-1.8814032955560833E-5
0.0
0.0
-0.29767704010009766
16.46753692626953
38.34450912475586
-0.0015790298348292708
34.5715217590332
-1.3708858750760555E-4
17.678773880004883
29.57198715209961
-1.5862022638320923
7.5220842361450195
22.34388542175293
19.824148178100586
4.605844497680664
13.914332389831543
0.017623571678996086
2.408726692199707
3.1690783500671387
0.20101802051067352
28.871505737304688
0.1478099822998047
0.5792292952537537
7.714906692504883
33.062705993652344
16.542743682861328
0.0
1.0332939624786377
30.703744888305664
15.4358491897583
3.2361655235290527
2.772493839263916
11.814218521118164
11.335578918457031
14.680158615112305
7.648757457733154
0.27966800332069397
0.0
27.746248245239258
3.627549886703491
0.166670560836792
-0.007580035366117954
-0.0011661599855870008
0.003114781342446804
68.78125762939453
1.3517965078353882
-3.7628065911121666E-5
0.0
0.0
-0.054729100316762924
0.17796160280704498
1.8590458631515503
5.279536724090576
17.076358795166016
-0.7360973954200745
15.854671478271484
1.5589325428009033
0.3010908365249634
0.0
2.3303239345550537
17.013185501098633
-0.25298890471458435
23.108373641967773
2.9172258377075195
14.343916893005371
-2.892378330230713
25.319272994995117
0.22127489745616913
0.7996805906295776
27.331058502197266
12.613714218139648
7.745474815368652
32.407230377197266
0.0
0.27926042675971985
1.4330198764801025
11.478191375732422
-0.010025334544479847
0.0
5.026040077209473
10.591041564941406
0.760358452796936
0.0
-1.8814032955560833E-5
28.68094825744629
25.205219268798828
-0.015937194228172302
23.51580810546875
78.30726623535156
7.722986698150635
0.0
0.0
0.0
-0.06006087362766266
-0.001655638450756669
5.290126800537109
8.073256492614746
-0.01722099259495735
8.231910705566406
8.766619682312012
1.636284351348877
-5.832362803630531E-4
0.0
0.0
1.8033422231674194
8.251548767089844
56.89177322387695
-0.10412684828042984
0.0
1.8093897104263306
0.43115341663360596
9.621321678161621
12.19710636138916
0.015926329419016838
-0.009329279884696007
2.8086955547332764
28.112733840942383
0.0
19.300643920898438
7.489256381988525
0.0
0.0
1.0945922136306763
0.004701425787061453
0.0
0.0
0.0
0.0
6.112545490264893
0.508120596408844
-0.13329526782035828
6.027815818786621
0.3404134213924408
2.162609100341797
14.63726806640625
4.653007984161377
28.509531021118164
3.241194486618042
-0.09505072981119156
5.114009857177734
1.1603590250015259
-0.05378475785255432
1.152708649635315
18.595502853393555
0.5043511390686035
0.07846397161483765
108.980712890625
14.782958030700684
2.682767152786255
14.79694938659668
23.813623428344727
9.070610046386719
11.065434455871582
0.05316697061061859
-0.2614382207393646
-0.9367601871490479
6.280543327331543
8.162569999694824
4.007139682769775
0.0
-0.3974893093109131
34.94489288330078
12.645647048950195
0.7536115050315857
10.339144706726074
11.695109367370605
6.262255668640137
13.99285888671875
0.1577703058719635
-0.6655758023262024
3.2354390621185303
7.388673305511475
0.0
-0.3236183822154999
-0.04271461442112923
21.787731170654297
2.1398863792419434
-0.0011661599855870008
-0.011680413968861103
-0.0734868198633194
-0.05453909561038017
0.17253753542900085
0.09544197469949722
0.0
-0.20603153109550476
-0.24633727967739105
0.5947396755218506
0.012924211099743843
4.339666843414307
43.387916564941406
1.612175703048706
-0.01965160109102726
0.0167191494256258
0.016727272421121597
0.0
3.187636375427246
0.3587377369403839
-2.633958647493273E-4
0.0
0.010953469201922417
-3.7628065911121666E-5
0.0
-0.002027183538302779
-1.204438328742981
31.800634384155273
0.11396407335996628
0.0
0.0
-0.0014078994281589985
-0.23657380044460297
-0.5886231064796448
2.223738670349121
-1.771642804145813
3.2935402393341064
12.307373046875
23.883434295654297
35.68595504760742
2.862870454788208
0.015336388722062111
-0.0027817629743367434
0.6436434984207153
0.7738494873046875
4.038764953613281
1.2730679512023926
0.054186079651117325
0.013386258855462074
0.0
-0.0025176145136356354
-0.0026276560965925455
-0.00816312711685896
0.0
0.01614418812096119
-0.03262897953391075
-1.3210504055023193
-0.783111035823822
-0.6792321801185608
-0.01846599392592907
-0.211638942360878
39.96331024169922
1.339917778968811
-5.644229531753808E-5
0.0
0.0
0.016727272421121597
0.016727272421121597
0.016727272421121597
0.0
-0.09844734519720078
0.48742204904556274
33.94442367553711
6.026511192321777
15.486286163330078
18.102876663208008
1.416579246520996
4.579800605773926
2.044801950454712
5.125234127044678
12.573387145996094
0.3573054075241089
3.098278284072876
5.566094398498535
0.15950092673301697
-0.05725843831896782
19.199026107788086
14.376873016357422
1.2736085653305054
0.3273870646953583
-0.024194268509745598
6.792293071746826
0.04788650572299957
0.025308169424533844
0.0334382988512516
-0.008116531185805798
-0.14366333186626434
-0.004887143615633249
-0.0072448705323040485
0.012316406704485416
0.014247283339500427
0.01539462897926569
0.01667082868516445
0.016727272421121597
-0.023921191692352295
13.390669822692871
1.6221058368682861
0.04564015194773674
53.411476135253906
0.0
0.03343572840094566
0.0
0.0
0.0
7.028471946716309
35.51445770263672
0.2349238097667694
0.023766908794641495
0.016727272421121597
0.0
-0.04067935794591904
0.9376728534698486
2.9775500297546387
-0.22971877455711365
-1.4835807085037231
-0.43085840344429016
-0.015140111558139324
-0.024966072291135788
-1.8814095528796315E-4
-0.06838968396186829
0.016727272421121597
-0.004172645043581724
-0.0027817629743367434
-0.004321358632296324
7.447909592883661E-5
-0.9541347026824951
7.828094959259033
0.02474537119269371
0.0
-0.1455933004617691
0.0
0.015375813469290733
0.0
0.0
3.0279998779296875
7.443713665008545
7.53207540512085
0.033454544842243195
0.0
0.0
0.0
0.0
-0.03299833461642265
-0.9707186818122864
10.955775260925293
19.9780216217041
-0.007667359430342913
0.0334382988512516
-0.027414999902248383
0.2061121016740799
1.6382975578308105
0.636447012424469
-0.06165608763694763
0.03467704355716705
0.0
0.0
-0.0029131919145584106
-1.8814095528796315E-4
0.0
21.85578727722168
7.856866359710693
15.173933029174805
0.5804001092910767
0.0
0.0
0.0
0.0
2.050218105316162
0.35610824823379517
0.0
0.0
2.034308433532715
5.783097743988037
1.16455078125
-0.4379574656486511
11.351605415344238
0.9499726891517639
0.1161314994096756
0.1990547627210617
-0.08838879317045212
7.711151599884033
0.11994615197181702
0.0
-0.2138383984565735
-0.4633934497833252
-0.24054227769374847
13.773797035217285
24.26325798034668
11.641834259033203
0.0
52.40217590332031
2.334627628326416
3.5042641162872314
-0.0017492416081950068
0.0
0.0
0.0
0.0
0.0
0.0
2.3008196353912354
11.892265319824219
26.313526153564453
0.3571026027202606
0.0
0.0
3.124499559402466
82.49617767333984
3.3023252487182617
0.0
-0.005830797366797924
0.5412785410881042
-3.762819105759263E-4
26.70859718322754
4.438570976257324
-0.0023323199711740017
-0.019824698567390442
3.001767635345459
9.31982421875
1.830417513847351
0.8857998251914978
0.0
0.0
-0.004217710345983505
-0.40843096375465393
23.011716842651367
3.0476365089416504
0.0
7.33566951751709
20.009801864624023
19.019725799560547
0.009249127469956875
-0.023420244455337524
0.0
0.0
0.0
22.229915618896484
16.547534942626953
0.9198429584503174
17.99861717224121
1.384320855140686
-0.031531888991594315
0.0
-0.525962233543396
0.0
-0.020873429253697395
9.696373017504811E-4
27.30222511291504
-9.407047764398158E-5
0.0
0.0
33.42881393432617
0.0
-1.1441642045974731
64.45560455322266
0.874153733253479
15.856402397155762
69.2148666381836
52.54896545410156
0.09183190017938614
0.0
-0.0043204594403505325
0.6046891808509827
47.068511962890625
2.712693691253662
13.862946510314941
0.0
0.0
0.0
0.0
2.935504913330078
0.6806415915489197
4.135493278503418
42.091182708740234
2.3514575958251953
0.0
0.0
0.0
0.0
0.0
7.996814250946045
2.0270872116088867
9.765113830566406
-0.059407416731119156
2.1474642753601074
6.899593353271484
0.029600925743579865
8.46462631225586
3.061286687850952
0.1552024781703949
-0.011078516021370888
-0.0019707430619746447
-0.22014959156513214
3.9263405799865723
2.431694984436035
3.5525074005126953
0.28021687269210815
5.903032302856445
26.707422256469727
0.04982877895236015
0.012924211099743843
-0.022182656452059746
4.234063625335693
24.009811401367188
0.40851718187332153
-0.6448544859886169
5.952418327331543
0.78338223695755
1.408334493637085
42.446495056152344
6.203433990478516
0.17808876931667328
-0.018667489290237427
0.006104270461946726
-0.0011661599855870008
1.7978242635726929
0.054768156260252
-7.902747020125389E-4
19.11568260192871
24.435707092285156
0.5949068069458008
0.04408064857125282
0.029738174751400948
0.167272686958313
-0.009427621029317379
0.0
-7.525613182224333E-5
-0.009868847206234932
-2.0695480634458363E-4
0.0
1.0664030313491821
3.5784873962402344
0.010706016793847084
-0.20496203005313873
0.0
0.0
3.8213257789611816
0.0
0.0
0.0
-0.055173322558403015
2.3673808574676514
6.63503360748291
-0.0034984832163900137
0.0
0.8011415600776672
8.793187141418457
4.704927444458008
0.9147976040840149
0.08617774397134781
-0.026583127677440643
-0.07576322555541992
0.2277245819568634
7.690638065338135
0.160417839884758
-0.001689345808699727
0.0
0.012924211099743843
0.0
0.0
-0.06470184028148651
2.691260576248169
3.966118812561035
0.1550905406475067
0.6979073882102966
-0.09937232732772827
0.395266056060791
5.775949001312256
0.967522382736206
0.22455227375030518
0.05008703097701073
-0.011132286861538887
-0.035970013588666916
6.577060222625732
-0.37465739250183105
-0.3143238127231598
-0.015695910900831223
0.0
-5.830799927935004E-4
0.03202848881483078
1.8956812620162964
3.909900188446045
3.462815284729004
49.4796257019043
0.1007140651345253
0.0
-0.5575536489486694
34.519378662109375
0.20703653991222382
0.0365121029317379
0.033454544842243195
0.016727272421121597
-0.0027817629743367434
-1.8814032955560833E-5
14.410357475280762
12.58533763885498
0.0
0.0
22.00124168395996
10.331222534179688
0.4810119569301605
32.93672561645508
18.68631935119629
0.5406660437583923
-0.005838388577103615
-0.0027795571368187666
6.960699558258057
3.041234254837036
24.727142333984375
0.06960657238960266
1.0624183416366577
0.0517105869948864
0.033454544842243195
0.016727272421121597
0.0
-0.0034162679221481085
-0.37517252564430237
3.8260550498962402
14.077468872070312
26.315027236938477
12.972437858581543
2.002053737640381
0.04257569462060928
0.016727272421121597
-0.0019707430619746447
0.03148379921913147
0.004616214893758297
0.3359221816062927
-0.021514078602194786
0.10156141221523285
-0.004133220296353102
0.014022561721503735
0.032140713185071945
0.6108592748641968
9.662958145141602
16.393657684326172
34.65065383911133
2.298403263092041
0.6687536835670471
0.0
0.014718899503350258
0.0
0.014488400891423225
-0.11882486194372177
0.016727272421121597
0.016689641401171684
-0.02891537919640541
1.2607800960540771
-0.09978361427783966
18.993743896484375
9.918181419372559
-0.1787848323583603
6.070031642913818
1.2065434455871582
0.26636362075805664
0.0690247192978859
6.241430759429932
8.947980880737305
0.7418859601020813
29.687232971191406
0.45163625478744507
0.016708457842469215
0.019282104447484016
16.724897384643555
0.12313361465930939
5.798692000098526E-4
0.033454544842243195
0.0
0.4594639837741852
-0.6112582683563232
25.862873077392578
9.762794494628906
1.8228130340576172
-0.03606858476996422
0.40021106600761414
0.5271938443183899
-0.00408156355842948
0.0
0.0
0.0
-0.0011661599855870008
0.0
0.015413442626595497
0.0
-0.35282301902770996
13.424124717712402
9.621373176574707
4.188475131988525
0.04230833426117897
0.0
0.0
0.0
-0.518889307975769
9.433005332946777
0.3011312484741211
-0.0013138280482962728
-1.8814032955560833E-5
0.033454544842243195
0.0
0.0
0.0
0.0
-0.03953254967927933
-0.32231056690216064
-0.882176399230957
1.7958712577819824
-0.0986327975988388
0.9504408836364746
1.4886338710784912
5.401915550231934
0.016727272421121597
0.0
0.0676923617720604
3.2235167026519775
20.10801887512207
0.0
0.016727272421121597
0.0
0.0
-0.09842819720506668
1.4323399066925049
2.9820938110351562
0.0
0.0
0.0
-0.05516489967703819
-1.1601964235305786
-0.6061450242996216
3.3995161056518555
24.66561508178711
40.739013671875
22.14284896850586
5.744561672210693
0.12306120991706848
0.0
0.0
0.0
0.6526172161102295
17.249086380004883
7.226668357849121
22.974842071533203
14.688581466674805
-0.0013138280482962728
0.0
16.490556716918945
21.783966064453125
10.941431045532227
-5.644229531753808E-5
0.0
-2.633958647493273E-4
0.0
-2.8221169486641884E-4
-0.01031794585287571
-0.007277319207787514
0.0
0.0
-0.04786982014775276
8.510953903198242
2.835423469543457
-0.03744685277342796
40.41902542114258
3.1695196628570557
0.0
0.12392156571149826
63.60783386230469
0.0
9.970611572265625
0.0
0.0
0.0
-0.4543759524822235
37.00929260253906
14.935816764831543
2.444199800491333
1.2227702140808105
0.0
0.0
-0.015918293967843056
7.743982315063477
0.0730242058634758
0.0
-0.325711727142334
23.199033737182617
-0.930536687374115
21.986478805541992
0.0
0.0
2.2516512870788574
37.137733459472656
8.587231636047363
26.016098022460938
3.1913998126983643
0.0
2.3350653648376465
-0.054984450340270996
1.8514950275421143
0.03867722302675247
0.0
0.052797410637140274
0.0
0.0
0.0
-0.0039513735100626945
-0.17857402563095093
2.9824745655059814
4.93049430847168
5.064951419830322
0.20750188827514648
0.0
0.0
1.2760074138641357
0.0
-0.0613253079354763
2.7706139087677
11.584335327148438
25.997095108032227
3.2019972801208496
2.5808727741241455
1.0725196599960327
0.6281467080116272
-0.04023255407810211
-0.00408156355842948
0.0
0.0
-0.4760943651199341
3.436310291290283
0.0
-0.21890345215797424
12.73823070526123
0.3435470759868622
0.3652922809123993
0.3383675813674927
0.027411703020334244
0.42570990324020386
0.0
-9.407047764398158E-5
0.0
-0.02895204722881317
-6.39682519249618E-4
4.224792957305908
0.0
0.0
2.0195555686950684
2.2853715419769287
3.99619460105896
0.0
0.5018181204795837
0.48478055000305176
0.9003710150718689
31.063060760498047
4.099014759063721
0.0
0.0
0.0
0.9089873433113098
18.546709060668945
0.0
0.0
0.0
0.03328521549701691
0.0
0.0
0.0
6.874483585357666
18.383880615234375
0.2841949164867401
0.0
0.0
0.7350646257400513
22.26529312133789
-9.030767250806093E-4
-0.6773419976234436
-1.4204821586608887
0.7313252091407776
0.06839421391487122
0.0
0.10339368879795074
4.395784378051758
-0.002370824571698904
-0.03844117000699043
-0.18018198013305664
4.586240768432617
3.5651633739471436
1.050671100616455
0.32358768582344055
0.3665808439254761
-0.013387286104261875
0.0
2.667691469192505
0.07861094176769257
1.012844204902649
0.0
-1.8814032955560833E-5
0.8052147626876831
0.0
4.88179349899292
24.988082885742188
0.15519799292087555
0.6175472140312195
0.3451005518436432
-0.0011661599855870008
-0.003941486123949289
0.0
0.0
0.0
0.0
0.0
-0.15316274762153625
-0.004504930693656206
0.05169684439897537
-0.008693022653460503
19.57101821899414
42.00140380859375
0.3968357741832733
0.6051588654518127
0.3742448091506958
-1.8814032955560833E-5
-0.15639449656009674
0.0
-0.0020507266744971275
13.522238731384277
10.049750328063965
5.396371841430664
-0.005196805112063885
0.0
0.0
-0.02932378277182579
0.009700720198452473
-0.5053811073303223
0.31160980463027954
23.637479782104492
68.8157958984375
23.235803604125977
3.622584104537964
5.757697105407715
1.7394688129425049
1.76936674118042
21.3144588470459
23.39263343811035
0.08287248760461807
-0.5879889726638794
-1.7143744230270386
13.65259838104248
4.990027904510498
15.559165954589844
2.252162456512451
0.013945509679615498
0.006868734024465084
0.39049428701400757
16.138059616088867
0.09056668728590012
0.033454544842243195
-0.004172645043581724
0.0
30.58819580078125
1.3470792770385742
1.2215466499328613
8.592584609985352
0.029651479795575142
1.6096128225326538
0.03279762715101242
-6.569140241481364E-4
0.033454544842243195
0.0
-0.05708790943026543
-0.6880640387535095
3.2043144702911377
4.234720706939697
10.367196083068848
10.16292667388916
-0.640684187412262
24.614398956298828
-0.7140382528305054
-0.21159698069095612
-1.8780606985092163
3.6513428688049316
0.022635256871581078
98.87377166748047
63.907386779785156
11.575453758239746
27.883468627929688
0.03840470314025879
0.033454544842243195
6.260715007781982
1.5217775106430054
0.05018181353807449
0.03279762715101242
0.0
0.033454544842243195
-0.44495612382888794
6.237362384796143
0.030955741181969643
0.19643831253051758
-1.8814032955560833E-5
0.00974753312766552
0.008467892184853554
-0.14839856326580048
0.03221312165260315
0.016727272421121597
-0.05136829614639282
-0.6300054788589478
1.1962605714797974
55.93830871582031
24.570499420166016
68.83890533447266
9.555712699890137
39.138301849365234
23.423219680786133
22.527210235595703
0.7786163687705994
4.326127529144287
0.025848422199487686
0.0
-0.0013138280482962728
0.016070356592535973
-0.005486475769430399
-0.36016303300857544
1.9875036478042603
9.309264183044434
0.46956804394721985
0.8859490156173706
0.032871462404727936
-0.017101982608437538
0.016727272421121597
-1.0156443119049072
6.4241180419921875
0.13013964891433716
0.09299510717391968
0.012924211099743843
0.016689641401171684
0.0
0.05018181353807449
0.016070356592535973
-0.0011661599855870008
0.0
-0.004741649143397808
9.768224716186523
51.68867874145508
1.5465024709701538
0.05018181353807449
0.016727272421121597
5.045976638793945
22.11234474182129
3.9410457611083984
0.7255492806434631
-0.007330945692956448
-0.016880042850971222
0.032140713185071945
0.016070356592535973
0.03279762715101242
0.0
0.0
0.016727272421121597
0.0
0.0
0.0
0.0
0.0
0.04072869196534157
26.35083770751953
7.333410739898682
3.3970718383789062
1.3766306638717651
0.2246900498867035
0.03157759830355644
0.04961869493126869
0.016727272421121597
-0.0011661599855870008
-0.014337827451527119
9.050503730773926
0.13222135603427887
-0.003195687662810087
21.676782608032227
3.2921314239501953
-0.3953988552093506
28.32602882385254
0.3990834653377533
0.0
-0.0013138280482962728
-0.009852454997599125
0.09490065276622772
27.476318359375
19.31339454650879
25.037227630615234
3.042487144470215
-0.06097946688532829
16.74740219116211
13.830172538757324
0.033454544842243195
0.0
0.0
-0.2938118278980255
-1.5998914241790771
19.3372745513916
2.927577495574951
0.0
1.7510942220687866
27.31841468811035
1.2352701425552368
0.07244113087654114
2.3965182304382324
7.3877997398376465
0.14428630471229553
0.18278101086616516
0.08925249427556992
0.05316697061061859
7.95168399810791
27.0013427734375
0.08434723317623138
0.0
0.0
-0.0017492416081950068
7.41314172744751
1.0324047803878784
0.0
-0.00950058363378048
32.10725021362305
60.54827117919922
1.0446593761444092
2.141408681869507
29.731731414794922
12.294041633605957
0.2994661033153534
0.05018181353807449
-0.0015790298348292708
0.0
13.864587783813477
19.169340133666992
48.655269622802734
64.9935302734375
1.4836386442184448
0.109536312520504
0.0
-0.21774990856647491
1.3703171014785767
5.250055313110352
0.0
8.031852722167969
0.0
1.3012564182281494
56.09634017944336
2.633774757385254
0.012924211099743843
1.9972610473632812
-0.011262310668826103
0.0
0.0
0.02678704261779785
3.7221505641937256
4.308453559875488
15.140583992004395
-0.009232843294739723
0.0
0.6812582015991211
9.00369930267334
0.0
0.0
0.0
0.34348317980766296
0.058925561606884
12.77991771697998
10.50456428527832
7.047033786773682
0.9843133687973022
0.0
0.0
11.692527770996094
37.82146453857422
11.838850975036621
0.0
0.0
0.0
0.0
0.32140684127807617
0.9117326140403748
0.7503524422645569
0.0
-0.012993210926651955
-1.9912844896316528
15.569537162780762
-0.008606445044279099
-1.6932620201259851E-4
-3.0102452728897333E-4
0.870411217212677
0.14216631650924683
0.0
0.0
0.0
-0.011824455112218857
3.9655892848968506
19.24859046936035
0.41607165336608887
-0.18438763916492462
3.3269121646881104
0.023237600922584534
0.23263581097126007
1.0211812257766724
25.933349609375
-0.07977467775344849
0.0
0.0
-0.0011661599855870008
1.3756517171859741
2.465039014816284
1.6683038473129272
31.622777938842773
3.2527194023132324
13.97725772857666
-0.0015790298348292708
0.0
0.0
0.0
0.0
-0.6863350868225098
-0.07358947396278381
2.2564682960510254
3.3357455730438232
3.8807337284088135
6.767925262451172
2.4566731452941895
2.603294610977173
3.5056140422821045
8.320056915283203
2.535750389099121
21.014249801635742
-0.8655184507369995
6.124413967132568
2.73470139503479
10.615694046020508
12.808890342712402
9.474647521972656
0.0
2.126678705215454
2.7980403900146484
0.0
0.16750676929950714
-0.029153985902667046
0.0
0.0
0.04801054298877716
0.8150325417518616
22.79906463623047
4.394618511199951
0.06462105363607407
0.0
2.8398776054382324
-0.007540110033005476
-0.23796245455741882
1.7610068321228027
-0.002252465346828103
24.456806182861328
16.45334243774414
-0.8270182013511658
0.03303828462958336
-0.0134108392521739
16.179216384887695
4.798948764801025
0.7439382672309875
0.03482743725180626
11.435524940490723
0.500344455242157
4.7596001625061035
0.10095832496881485
0.0
13.608011245727539
5.297861099243164
0.04013746231794357
3.1838831901550293
0.540605902671814
0.0
0.0
0.0
0.21281617879867554
6.717249870300293
0.0
0.0
-7.525613182224333E-5
-0.036798395216464996
0.0
0.0
0.0
-0.3451177477836609
25.597434997558594
38.63584518432617
5.521059036254883
7.196112155914307
8.367615699768066
11.82457447052002
0.09289725124835968
1.2096328735351562
-3.0102452728897333E-4
6.08165168762207
29.143320083618164
0.30838966369628906
0.0
0.0
0.0
-0.016909316182136536
0.025848422199487686
0.0
7.302655220031738
0.10797342658042908
1.2442339658737183
7.565733909606934
6.14813756942749
0.04973864182829857
0.03294656053185463
-1.8814032955560833E-5
-0.12881480157375336
3.4048426151275635
1.8220388889312744
0.1918303221464157
0.0
0.0
0.0
1.8806151151657104
21.11332893371582
0.0
-5.631163367070258E-4
-0.17765991389751434
5.592080593109131
0.01485032681375742
0.028949938714504242
0.016070356592535973
0.016727272421121597
0.0
-0.03200538456439972
0.6175389885902405
1.9305604696273804
0.016727272421121597
0.016727272421121597
9.613371221348643E-4
10.346841812133789
0.6638703942298889
0.9820290207862854
3.1488349437713623
0.10569517314434052
-0.003268376924097538
0.0
0.016727272421121597
0.0
0.016727272421121597
0.032140713185071945
1.4191782474517822
21.324050903320312
1.0374009609222412
0.0365121029317379
0.0
-0.0011826741974800825
-0.0019113023299723864
0.03072931431233883
0.033454544842243195
0.435777485370636
0.1658070981502533
-1.0023493766784668
2.4349029064178467
0.48504766821861267
-0.1372959166765213
-0.4433215260505676
10.653458595275879
3.1781930923461914
0.016164153814315796
0.36743685603141785
0.0
0.0
10.197450637817383
15.90368938446045
0.08289085328578949
0.033454544842243195
0.016713201999664307
-0.04059958457946777
11.734864234924316
0.09201201051473618
1.1303842067718506
0.008296839892864227
0.0
15.078102111816406
52.70152282714844
3.7697043418884277
0.3981335759162903
-0.079351507127285
32.54051971435547
1.8550134897232056
0.1794305443763733
-5.830799927935004E-4
0.011206762865185738
-0.03795870020985603
3.3531882762908936
0.06803983449935913
0.03693310171365738
0.028121622279286385
0.028232725337147713
0.013418964110314846
0.0
14.249932289123535
0.5154085159301758
0.016727272421121597
-0.49953338503837585
-5.644229531753808E-5
-1.3505347967147827
0.9399771690368652
2.9921605587005615
0.093021921813488
0.03072931431233883
0.032308343797922134
0.0
0.014002044685184956
0.0
0.0
2.4422006607055664
17.80156135559082
73.97256469726562
10.628758430480957
19.16665267944336
12.16403865814209
0.021611275151371956
0.0
0.0
0.033454544842243195
0.0
0.015148242935538292
0.016727272421121597
0.9135223627090454
8.809622764587402
-0.0019566642586141825
-0.027717621996998787
9.973880767822266
0.884088397026062
-0.3746715486049652
-0.2422858476638794
-0.09469515085220337
12.379667282104492
69.9880599975586
7.5990986824035645
2.1199657917022705
0.25691288709640503
0.0254022479057312
-0.003941486123949289
0.0
0.0
0.0
0.0
-0.5854648351669312
6.08307409286499
0.03608669340610504
0.0
0.0
2.1096856594085693
2.5586636066436768
28.262544631958008
1.4546880722045898
0.015055975876748562
0.2166965901851654
0.06462105363607407
0.0
0.0
27.590532302856445
1.6237317323684692
0.0
-1.8814032955560833E-5
-1.1601924896240234
-0.9181140661239624
5.66189432144165
19.898345947265625
0.0
0.0
0.0
17.1259765625
3.5109527111053467
-0.015498334541916847
0.5961236357688904
0.16201739013195038
0.0
0.0
0.0
0.058606624603271484
0.48188352584838867
0.012924211099743843
2.107635974884033
2.505662679672241
-5.830799927935004E-4
-0.1945110559463501
-2.071962594985962
13.131853103637695
0.0
0.109536312520504
0.0
0.0
12.958151817321777
2.1649696826934814
-0.03906630352139473
-0.003941486123949289
-4.138737201690674
25.633092880249023
0.05169684439897537
-0.9661563038825989
14.515802383422852
-0.019221680238842964
0.0
-1.8814095528796315E-4
0.0
0.0
0.0
0.18296748399734497
0.45025867223739624
0.0
-7.525613182224333E-5
19.970720291137695
-1.6284700632095337
7.738254547119141
5.666662216186523
-0.0017492416081950068
-0.0011661599855870008
-0.004664639942348003
43.715065002441406
4.9854583740234375
0.0
0.0
0.0
-0.0011661599855870008
-0.03028022311627865
0.0
0.0
0.0
-0.0020507266744971275
0.18675850331783295
72.60914611816406
63.81168746948242
7.289982318878174
0.012341131456196308
0.0
0.0
0.0
22.1544132232666
7.406891345977783
1.4855016469955444
15.15018081665039
4.288678169250488
-0.12995807826519012
0.0
0.0
-0.017386045306921005
0.0
5.686652660369873
28.89714813232422
2.6402785778045654
0.0
0.0
2.1432583332061768
-0.05306030064821243
0.025848422199487686
0.0
-0.994929850101471
0.5465580821037292
0.28300750255584717
0.0
-1.3252358436584473
16.47990608215332
9.97075080871582
9.78642749786377
0.0
3.092613458633423
26.866403579711914
2.400164842605591
16.25080108642578
0.0
0.0
0.0
0.0
-0.24201343953609467
0.0
0.03877263516187668
4.2515411376953125
33.39320755004883
58.84170913696289
4.749509334564209
0.034822750836610794
0.0
0.0
0.0
-1.5250799655914307
18.613178253173828
5.944293975830078
0.1089731976389885
0.01825605146586895
0.0
0.0
2.6821141242980957
8.00399398803711
16.181785583496094
1.3524882793426514
0.0
0.0
-0.002370824571698904
3.1485848426818848
0.8209354281425476
28.856538772583008
-0.10113048553466797
15.227205276489258
0.4314745366573334
-0.0013138280482962728
2.075028657913208
0.0
0.0
0.0
6.725630283355713
11.83771800994873
3.082693576812744
-0.0723019391298294
0.0
-0.002915398683398962
3.4675798416137695
0.18509125709533691
0.0
-0.010820575058460236
0.7751033306121826
2.961090564727783
-0.034348051995038986
23.74884796142578
0.7513352036476135
11.942547798156738
3.560994863510132
14.759502410888672
34.043148040771484
12.227683067321777
35.00526809692383
-0.09878433495759964
-0.4599398672580719
-0.6255394220352173
3.464306354522705
-0.8697311878204346
13.80597972869873
6.9896955490112305
0.9318583011627197
0.34090787172317505
-0.4771672487258911
4.015011787414551
-0.992905855178833
10.73564624786377
9.479366302490234
-0.0027817629743367434
37.1983642578125
1.2621984481811523
-0.22321534156799316
1.0290907621383667
7.0291218757629395
47.50154495239258
-0.021358726546168327
3.797429084777832
1.395578145980835
0.12897656857967377
0.0
0.035659611225128174
0.39522382616996765
0.7169681191444397
3.1793010234832764
-0.050181057304143906
2.706040859222412
-0.0040638321079313755
-0.15811915695667267
34.95066452026367
1.8770185708999634
4.067782402038574
63.88643264770508
-0.6296831369400024
5.316697120666504
3.705888271331787
10.08121395111084
2.7371749877929688
0.8612233996391296
0.0
8.518318176269531
0.9257328510284424
0.4842887818813324
43.318092346191406
0.15554505586624146
-0.0021421450655907393
0.016727272421121597
0.0
-5.631163367070258E-4
0.016332175582647324
0.007539819926023483
-1.8814032955560833E-5
-0.23204447329044342
14.235184669494629
13.653172492980957
2.6135597229003906
0.016727272421121597
0.016727272421121597
-0.005486475769430399
-0.0018769449088722467
3.800032138824463
36.346946716308594
-0.9089112281799316
-0.5004528164863586
-0.1257670819759369
49.15989685058594
23.43470001220703
0.01657675765454769
0.12769566476345062
0.03377142548561096
0.1768834888935089
1.0039714574813843
38.319007873535156
0.08598217368125916
2.3960177898406982
62.762760162353516
3.2011194229125977
0.4966236352920532
0.012267296202480793
42.60427474975586
6.365878582000732
5.0032734870910645
0.9696967601776123
0.0
0.016164153814315796
0.0
0.016727272421121597
-3.9509483030997217E-4
0.18630437552928925
0.028325742110610008
0.03181789815425873
14.286619186401367
0.033454544842243195
0.033454544842243195
0.016727272421121597
0.016727272421121597
0.0
2.6322929859161377
1.0164457559585571
-0.42635294795036316
-1.8752902746200562
-0.3577111065387726
-1.3939168453216553
-0.25567570328712463
-1.1201554536819458
15.054330825805664
0.0
0.6706039309501648
0.5749862194061279
-0.15588760375976562
-3.0102452728897333E-4
-0.010799236595630646
-0.11267457902431488
8.472030639648438
0.31319719552993774
7.148028373718262
6.50960636138916
1.827278733253479
0.14735275506973267
0.047023750841617584
0.20098228752613068
0.031828705221414566
0.026857806369662285
0.0
0.0
0.0
0.6777174472808838
32.687416076660156
22.732040405273438
110.62783813476562
8.345797538757324
0.01825605146586895
11.858014106750488
12.219853401184082
0.016727272421121597
0.03289142623543739
0.051024824380874634
14.758713722229004
0.680436909198761
0.033454544842243195
0.03223451226949692
34.10011672973633
44.079891204833984
0.0
0.34893059730529785
0.007972914725542068
0.033454544842243195
0.016727272421121597
0.0
0.0
0.05491682142019272
0.03090071864426136
6.943107604980469
43.75381851196289
-0.22899413108825684
2.132614850997925
0.01312128733843565
17.039369583129883
0.08515138924121857
-0.05547719821333885
-0.4420892298221588
0.5591819286346436
0.0
0.0
0.0
0.0
-0.18364869058132172
-1.1431589126586914
-1.1382254362106323
-0.2017153799533844
7.183669090270996
0.10269182175397873
0.0
0.0
-0.03464183956384659
-0.4261994957923889
27.038265228271484
10.353568077087402
-0.029856856912374496
0.016727272421121597
-0.0034984832163900137
6.288405895233154
0.5628791451454163
13.404431343078613
1.4072517156600952
-0.03088621236383915
-9.407047764398158E-5
-0.2316240668296814
-0.10073542594909668
-0.00848582573235035
-5.830799927935004E-4
0.0
0.0
0.008929012343287468
-7.525613182224333E-5
-0.06807409226894379
0.13095207512378693
-0.21222800016403198
0.08584325760602951
2.71274995803833
24.638174057006836
0.108069509267807
26.33615493774414
24.09757423400879
89.48880004882812
54.492977142333984
-3.7628065911121666E-5
0.0
8.811949729919434
1.2460662126541138
-5.631163367070258E-4
0.0
0.0
0.0
-0.10368010401725769
2.1888272762298584
8.005880355834961
-0.36847609281539917
9.408469200134277
3.059314250946045
-0.020307980477809906
3.9553606510162354
21.95996856689453
24.141132354736328
38.42332458496094
0.03519827499985695
25.34760093688965
29.738813400268555
3.3153767585754395
0.0
0.033454544842243195
0.0
10.034459114074707
2.2749085426330566
-0.1977289915084839
0.0
-0.0017492416081950068
-0.010612348094582558
-0.10210543125867844
0.31208235025405884
13.672163963317871
22.63912010192871
13.11398696899414
41.37614059448242
29.521360397338867
6.760319232940674
-0.06862302869558334
0.3103528618812561
-0.007580035366117954
0.0
0.0
7.955358028411865
4.246190071105957
9.882962226867676
-0.004054367076605558
0.0
59.787010192871094
1.2128639221191406
0.0
0.0
-1.394242525100708
18.7922306060791
-0.049591973423957825
0.0
0.0
0.0
-0.38724997639656067
23.53384780883789
3.895029306411743
-0.011661594733595848
0.0
0.0
0.0
0.0
0.0
0.0
0.0
21.293994903564453
11.399639129638672
0.03534594550728798
-3.7628065911121666E-5
0.0
0.0
38.381160736083984
0.7713844776153564
0.0
0.0
-0.0013546096161007881
-0.006316119339317083
0.4600979685783386
0.0
18.901765823364258
0.9176188707351685
0.0
0.0
0.22518077492713928
0.11595389246940613
24.845197677612305
14.204060554504395
-0.6701886653900146
2.5968854427337646
13.799015998840332
38.3913459777832
5.670772075653076
-0.009366902522742748
6.48275899887085
-0.3281167447566986
16.31804847717285
7.473447799682617
0.014424314722418785
0.0
-1.8814095528796315E-4
-0.16106103360652924
-4.1390961268916726E-4
-1.6795257329940796
8.341583251953125
-0.00408156355842948
0.0
0.0
-0.0019942938815802336
6.455763816833496
-0.28119194507598877
18.175308227539062
1.0784237384796143
0.0
0.0
-0.006126135587692261
0.0
-0.01597999967634678
0.022237055003643036
-0.017097633332014084
-0.00408156355842948
-0.16068623960018158
6.510982513427734
18.053693771362305
9.530852317810059
9.857571601867676
15.711116790771484
0.7259480953216553
0.0
0.0
0.0
0.0
4.048943519592285
18.895679473876953
32.69912338256836
5.16573429107666
-0.9587064981460571
0.0
0.0
-2.446580171585083
3.271700143814087
2.0954227447509766
-0.0030630677938461304
0.03571604937314987
6.11392068862915
0.0
0.21266788244247437
0.17028823494911194
-0.18653033673763275
0.07663094252347946
0.034545160830020905
0.31586289405822754
23.19659996032715
19.98107147216797
27.54713249206543
9.48481559753418
7.712375164031982
3.122041940689087
-0.03958415240049362
0.0
0.0
0.23263581097126007
4.707337379455566
4.318711280822754
5.731488227844238
5.103857517242432
0.07219427824020386
-9.407047764398158E-5
0.0
0.0
0.0
0.7353590726852417
0.8019405603408813
0.23886354267597198
-1.2735181371681392E-4
10.830480575561523
-0.00449442770332098
-0.0023323199711740017
0.0
8.122340202331543
8.050707817077637
0.19898991286754608
-0.010495433583855629
-0.10674794763326645
3.179804801940918
0.691064178943634
-0.16184121370315552
-0.0011262326734140515
0.025848422199487686
0.0
0.0
0.0
-0.0011661599855870008
1.0311589241027832
6.318894386291504
43.3421630859375
13.403114318847656
53.83307647705078
0.0
7.5640974044799805
5.359598159790039
2.0950090885162354
0.16595886647701263
0.028820045292377472
0.26200470328330994
45.75508117675781
0.030717624351382256
0.014022002927958965
-0.038101017475128174
1.1188945770263672
11.498034477233887
6.331830978393555
49.7254638671875
1.0183303356170654
0.0
16.315210342407227
32.903377532958984
7.621140956878662
6.563652992248535
0.31775256991386414
0.016164153814315796
0.03289142623543739
0.033454544842243195
0.016164153814315796
0.0
0.00358898495323956
0.006355492863804102
0.021282503381371498
0.03210308402776718
0.03228837624192238
0.016727272421121597
0.0
0.033928077667951584
0.0
0.0
-0.15428856015205383
0.0
-0.48210814595222473
-0.03438850864768028
0.016070356592535973
0.05696238949894905
-1.9635330438613892
44.291229248046875
3.423464775085449
0.0
0.41818171739578247
0.013569212518632412
28.2493839263916
9.221914291381836
-0.07410281151533127
5.431259632110596
23.428016662597656
1.0599266290664673
-0.933970034122467
22.145771026611328
0.0
0.33398228883743286
0.0
5.430694103240967
1.576528787612915
0.03341691568493843
0.0
0.0
-0.0472102165222168
1.2679153680801392
6.14251708984375
1.1965041160583496
0.1631060391664505
-0.021202953532338142
0.012082594446837902
2.9403836727142334
40.215850830078125
33.38542556762695
10.202889442443848
0.8569428324699402
0.01985219679772854
-0.06542665511369705
6.430856704711914
5.737242698669434
0.04905558004975319
0.016164153814315796
-0.025851909071207047
1.774440050125122
2.775938034057617
0.0
-0.002745190169662237
0.0
0.0
0.0
0.016727272421121597
0.016727272421121597
0.016727272421121597
0.0
-0.001629099017009139
3.7843910831725225E-5
0.9546714425086975
18.786853790283203
0.8075074553489685
-0.006888978648930788
0.0333980992436409
-0.0034386764746159315
0.9394049048423767
-0.7357629537582397
-0.3083828389644623
10.245606422424316
2.453864812850952
2.08501935005188
21.89605712890625
0.35186031460762024
0.06989423930644989
0.08307323604822159
0.0
4.223321437835693
0.11631790548563004
0.0
0.07754527032375336
0.0
-0.41290342807769775
23.86740493774414
-0.013993932865560055
1.5170856714248657
-5.644229531753808E-5
-0.28676876425743103
39.03186798095703
32.49256896972656
-0.5165464878082275
1.1592071056365967
16.982637405395508
0.0
-0.2899436354637146
-0.1304824948310852
0.011317848227918148
0.0
-0.015331242233514786
9.088244438171387
0.0
0.0
0.0
0.0
0.0
-0.09667747467756271
6.5337724685668945
40.00963592529297
0.1233486607670784
-0.008133056573569775
4.160614490509033
0.13381817936897278
7.886748790740967
24.180692672729492
4.819487571716309
0.054768156260252
0.0
-0.0026276560965925455
0.0
0.0
0.0
-0.007213717792183161
13.54150390625
2.9234533309936523
5.709498882293701
0.22133314609527588
0.0
0.0
0.5307936668395996
0.48781442642211914
-0.10008066892623901
9.499361038208008
0.1330631673336029
22.58596420288086
0.0
8.634295463562012
14.974187850952148
0.3834533393383026
0.0
0.0
0.0
0.0
10.14815616607666
5.271919250488281
-0.8073868751525879
22.452117919921875
24.18597984313965
33.25807571411133
6.634941577911377
15.317803382873535
0.07815942913293839
0.0
0.0
-1.8653876781463623
8.394166946411133
25.755355834960938
7.509677886962891
72.96406555175781
20.932342529296875
0.485059916973114
26.764999389648438
18.520408630371094
0.0
0.0
78.88316345214844
2.525825023651123
0.003528342815116048
-6.571865524165332E-4
35.11526107788086
18.428138732910156
0.0
1.7966853380203247
10.920709609985352
-0.0011661599855870008
21.621488571166992
0.7991452813148499
0.21454621851444244
0.3733544945716858
0.9130926728248596
0.017129817977547646
0.0
-0.007442350499331951
0.9454934000968933
3.732606887817383
2.630303382873535
1.0887264013290405
0.06014932692050934
0.025848422199487686
0.0
0.41933321952819824
-0.08656460046768188
0.0
-0.2506721615791321
2.8542912006378174
0.15506437420845032
21.918371200561523
0.3013398051261902
0.025848422199487686
0.0
0.0
0.0
-0.006225892808288336
12.988101959228516
0.16136124730110168
0.10267240554094315
0.0
2.9149394035339355
16.532787322998047
2.6674723625183105
0.06847628206014633
0.0
0.0
0.0
0.0
0.06179830804467201
-0.23366525769233704
10.834643363952637
18.141944885253906
-0.008569290861487389
0.0
0.0
0.13344964385032654
0.6855292320251465
-0.0052477167919278145
0.1680147498846054
9.044097900390625
23.497722625732422
9.551305770874023
1.7631984949111938
0.0
0.0
-0.004254139494150877
9.096479415893555
11.751740455627441
10.221285820007324
3.78206467628479
2.7105681896209717
1.1097965240478516
1.3507801294326782
0.2928754985332489
7.5904316902160645
11.231907844543457
8.837529182434082
2.525258779525757
0.1277923583984375
0.0
-0.0017492416081950068
-0.0011661599855870008
0.0
-0.18176773190498352
0.3145393133163452
-0.4803898334503174
21.622230529785156
1.1693650484085083
0.22862987220287323
1.445820927619934
1.1190612316131592
2.3153977394104004
3.905121088027954
0.8299577236175537
0.09358417987823486
0.25681573152542114
0.0
3.7663331031799316
0.0
5.262220859527588
20.702556610107422
0.0
0.0
0.0
-0.03808370605111122
4.2424468994140625
0.6767075657844543
11.849757194519043
17.42844009399414
16.29615020751953
8.990032196044922
0.23552155494689941
32.91687774658203
5.294462203979492
1.4345672130584717
5.035940170288086
1.4871693849563599
0.19295546412467957
3.3792290687561035
7.909646511077881
0.0
-0.9383860230445862
0.5852447748184204
-0.006756681948900223
1.1894865036010742
0.21346324682235718
0.43293970823287964
1.4665158987045288
6.767413139343262
4.930744647979736
0.012811326421797276
-0.20221197605133057
-0.009580438025295734
-0.8941141366958618
1.142460584640503
0.0
10.101724624633789
3.0843822956085205
0.0
2.1969754695892334
5.853257656097412
-0.009912349283695221
3.615147352218628
5.27028751373291
7.063098430633545
0.0
0.0
-5.830799927935004E-4
0.5186380743980408
0.6162775754928589
0.0
-0.10137320309877396
7.547127723693848
0.6405830383300781
-0.0044718855060637
-0.044413819909095764
0.0
0.0
0.0
0.0
0.0
0.0
-0.013993932865560055
0.0
0.0
0.0
-0.022032836452126503
3.691126823425293
-0.027609193697571754
0.4992269277572632
2.2535898685455322
0.317204087972641
-0.024088239297270775
-0.14106038212776184
0.025848422199487686
0.0
0.0
0.0
-0.01924165152013302
0.0
0.5848913788795471
0.0
1.8609163761138916
0.8683415055274963
0.0
0.0
1.1672860383987427
0.0
-5.819306243211031E-4
-0.9488136768341064
23.107879638671875
49.50321578979492
19.994373321533203
0.1616736501455307
0.016727272421121597
0.0
2.9100992679595947
-0.0018769449088722467
-5.631163367070258E-4
0.0
0.0
0.0
3.9536519050598145
2.4460177421569824
3.507659912109375
1.1960976123809814
0.48509088158607483
26.92296600341797
34.497493743896484
1.2743465900421143
0.2163790911436081
0.03332284465432167
0.0
0.0
0.016727272421121597
0.016727272421121597
-0.0013326420448720455
11.854171752929688
0.4049433171749115
0.13199475407600403
0.013834412209689617
0.12232176214456558
-0.003363692667335272
-5.830799927935004E-4
19.963891983032227
7.412679195404053
0.1587730199098587
0.0579008050262928
0.03116215206682682
-1.5051226364448667E-4
0.001328923855908215
18.94847297668457
12.981888771057129
0.0730242058634758
0.03289142623543739
0.14510658383369446
0.025848422199487686
-0.3459072411060333
7.746523857116699
0.016727272421121597
0.016164153814315796
0.016727272421121597
0.016727272421121597
-0.0015805494040250778
-0.0018625936936587095
11.782285690307617
45.9379997253418
14.786407470703125
1.1632171869277954
6.888613224029541
5.567562103271484
0.0
0.18551500141620636
0.016727272421121597
49.74267578125
22.912446975708008
0.137754425406456
0.06965357065200806
0.03289142623543739
0.0
20.027732849121094
0.37658512592315674
0.0
0.0
0.0
0.0
1.3964287042617798
0.46960383653640747
0.0
0.0
7.527246475219727
31.38663101196289
0.42431414127349854
0.1599569022655487
-0.0014110496267676353
8.419992446899414
31.95158576965332
35.701873779296875
44.98392105102539
35.3358268737793
1.6018050909042358
0.016727272421121597
0.0
0.016727272421121597
0.0
0.0
9.415526390075684
15.646162986755371
35.97927474975586
1.6551315784454346
3.553048849105835
0.22535116970539093
0.0
-0.0013138280482962728
0.0
0.0
0.0
0.0
0.0
0.0
0.0
-0.45386022329330444
14.92999267578125
53.937347412109375
26.66423797607422
-0.3136477470397949
-0.0026276560965925455
0.10135423392057419
56.67433547973633
8.060759544372559
26.164413452148438
14.989068984985352
73.49457550048828
5.476728439331055
0.4969732165336609
-5.830799927935004E-4
0.06641226261854172
-0.3298186659812927
48.14676284790039
13.548852920532227
0.008844303898513317
-0.0013138280482962728
0.0
15.833940505981445
6.687810897827148
-0.011078516021370888
-1.8814032955560833E-5
13.133378028869629
87.36975860595703
3.9800527095794678
-0.00648500444367528
6.694804668426514
4.393796443939209
0.0
0.0
-9.407062898389995E-4
28.428009033203125
2.118739128112793
0.2680099606513977
0.016727272421121597
0.0
-0.2228574901819229
38.37805938720703
0.7592902779579163
0.0
26.483671188354492
0.7358378767967224
0.6542971134185791
1.376480221748352
-0.007580035366117954
0.7909338474273682
0.0
13.235305786132812
-0.0011262326734140515
-1.482222318649292
18.210615158081055
0.7463865280151367
2.147899627685547
0.0
0.0
0.0
-0.020726539194583893
-9.407062898389995E-4
0.0
-0.9548894762992859
1.2571940422058105
0.9284303784370422
2.8152899742126465
3.0899574756622314
26.442129135131836
-0.010709290392696857
2.6986286640167236
41.0164680480957
0.0
4.463446617126465
40.11738967895508
9.061806678771973
18.85953712463379
0.0
-0.4802956283092499
10.030150413513184
25.751935958862305
9.251723289489746
56.79026794433594
9.318565368652344
0.3475506007671356
5.174422740936279
3.012033700942993
1.046046495437622
5.5074968338012695
9.033238410949707
32.73170852661133
4.908035755157471
-0.3544020652770996
23.430381774902344
0.05393867567181587
0.0
-1.336410641670227
-0.02610052190721035
9.098155975341797
0.08108987659215927
28.623458862304688
-0.45111560821533203
24.5181827545166
4.95637845993042
0.0
0.0
0.0
15.427061080932617
0.15450745820999146
0.6270151734352112
-0.4293440878391266
-1.786040186882019
5.846749305725098
0.3033906817436218
15.09430980682373
14.66966724395752
2.284440279006958
1.9565327167510986
1.2030308246612549
0.0
9.864741325378418
2.7867822647094727
-0.0028189702425152063
0.0
0.0
16.55634307861328
41.89607238769531
12.86313533782959
3.7807703018188477
0.11954512447118759
-1.2537696361541748
-0.380242258310318
16.32464027404785
0.10925057530403137
13.955831527709961
3.204566717147827
0.0
-0.25910571217536926
13.045919418334961
13.397541999816895
-3.2600631713867188
22.0833740234375
2.4057483673095703
0.17824804782867432
0.2512036859989166
9.257282257080078
2.7526299953460693
2.3204703330993652
0.4014749228954315
3.453077554702759
7.741914749145508
7.072449207305908
-0.046395111829042435
0.743765652179718
2.817570209503174
-0.0679895281791687
-0.06354600936174393
-0.33078402280807495
4.576832294464111
0.02054203674197197
10.330401420593262
9.502029418945312
0.012924211099743843
3.0356645584106445
7.460402965545654
0.820602297782898
4.721196174621582
26.63184928894043
43.23095703125
4.685044765472412
0.2067873775959015
0.0
0.0
-0.04455600306391716
2.7866315841674805
9.24064826965332
3.47739315032959
1.1979036331176758
0.0
0.0
-0.13345378637313843
0.0
0.0
0.0
-0.1521838903427124
2.250361680984497
5.8841423988342285
0.20381446182727814
0.3167437016963959
0.38107359409332275
1.7883142232894897
0.7980479001998901
0.17427434027194977
-0.0798177421092987
7.687735557556152
2.7551915645599365
0.016727272421121597
0.0
-0.0031607586424797773
-0.9191461801528931
14.42386245727539
3.4135050773620605
22.303686141967773
5.057829856872559
3.913059711456299
2.4109864234924316
0.8874194622039795
4.769867897033691
13.171457290649414
0.6981522440910339
4.5489583015441895
0.01825605146586895
0.0
0.8828414678573608
-0.32842889428138733
0.4158419668674469
2.9385287761688232
0.4556848108768463
0.47707343101501465
0.18940812349319458
0.029120827093720436
0.03877263516187668
-0.011824455112218857
0.0
0.0
0.0
-0.09698173403739929
0.11337658762931824
0.0
0.016708457842469215
-0.0947185605764389
-1.6427903175354004
45.74678039550781
44.40546798706055
30.815637588500977
0.7887448072433472
3.325688600540161
85.91779327392578
20.27419662475586
0.033454544842243195
0.033454544842243195
0.0517105869948864
0.03232830762863159
0.033454544842243195
-0.023708239197731018
8.155400276184082
1.23012375831604
0.054936788976192474
1.5566965341567993
18.472246170043945
1.9766660928726196
0.7528891563415527
2.415776491165161
10.3709716796875
4.951779365539551
0.09086412936449051
0.0
0.009569494985044003
3.1308414936065674
54.00617599487305
22.086549758911133
0.26375487446784973
0.2668483555316925
0.29313960671424866
0.05844295024871826
-0.735467255115509
5.32303524017334
0.08895886689424515
0.012808485887944698
0.0743144080042839
-0.0999235212802887
7.981013298034668
8.392449378967285
0.2558520436286926
0.032871462404727936
0.016727272421121597
11.257575035095215
5.514984130859375
0.12925586104393005
0.05018181353807449
0.05018181353807449
0.016727272421121597
-0.037351615726947784
-0.13690276443958282
0.009425735101103783
-0.07039280235767365
-0.014850348234176636
0.0
0.119510717689991
22.75750160217285
51.991424560546875
13.187867164611816
20.500701904296875
0.0
0.5519998669624329
0.016727272421121597
-0.009101317264139652
-0.8320735096931458
0.7026975750923157
-0.41924241185188293
0.08726833015680313
0.39186105132102966
0.0
-0.20944151282310486
0.01614418812096119
0.032140713185071945
0.05018181353807449
0.0
0.0
-1.1288459063507617E-4
0.15415094792842865
1.7022041082382202
14.41534423828125
0.034585293382406235
23.49410057067871
33.19903564453125
0.033454544842243195
0.033454544842243195
0.05018181353807449
6.406019687652588
26.18063735961914
10.49575424194336
23.652729034423828
-0.16021084785461426
35.0296630859375
4.639167785644531
0.2737892270088196
3.1438393592834473
9.308503150939941
0.016727272421121597
-0.01953168585896492
-0.015765944495797157
0.033454544842243195
-1.0303715467453003
33.36930847167969
0.0
0.3848109245300293
0.04118115082383156
3.0631766319274902
1.0273582935333252
0.016727272421121597
0.0
0.2045373171567917
0.0
0.0
-0.0039513735100626945
18.20368766784668
2.0502450466156006
0.3397473692893982
0.03196018189191818
0.0
0.0
0.0
0.012616896070539951
0.033454544842243195
0.033454544842243195
-0.0011661599855870008
0.0
-0.29067495465278625
-0.267805278301239
-0.4404296576976776
-0.589750349521637
-0.34661105275154114
0.45919176936149597
0.4467989206314087
-0.2090141326189041
7.172455310821533
6.741456031799316
4.099950313568115
2.3115298748016357
0.0
-0.0013138280482962728
-1.8814032955560833E-5
0.0
0.0
1.2993841171264648
12.562582015991211
18.055131912231445
1.5327847003936768
0.1513182669878006
0.0
0.01593707874417305
0.0
0.0
1.3094618320465088
8.93648910522461
103.49079132080078
35.2452507019043
18.07054901123047
0.008280524984002113
0.0
-0.03731711953878403
0.6077101230621338
2.151082992553711
0.0
0.0
0.49772021174430847
0.19241341948509216
0.24015210568904877
1.8788429498672485
0.0
34.365718841552734
8.627065658569336
4.296291828155518
0.01475757360458374
0.0
0.0
0.0
2.3983969688415527
18.55103302001953
5.072934627532959
6.342978477478027
0.31662100553512573
0.016727272421121597
0.0
0.0
0.10334878414869308
8.23604965209961
0.003011842956766486
2.468975305557251
0.08078483492136002
-0.046547431498765945
0.0
-0.012644395232200623
33.18918991088867
4.287027359008789
-0.009196791797876358
0.0
0.0
0.0
-0.060857128351926804
4.406530380249023
0.0
0.0
-0.10552622377872467
12.511622428894043
0.0
0.0
0.0
0.0
3.183183193206787
8.140220642089844
1.2678320407867432
0.6354214549064636
0.0
0.18758921325206757
0.4785027503967285
25.219009399414062
0.4790762662887573
-0.8155261278152466
5.209419250488281
0.19880357384681702
-5.631163367070258E-4
-0.0014298722380772233
7.152355670928955
22.340213775634766
0.0
0.24936304986476898
18.875411987304688
11.095407485961914
15.822710990905762
1.5078614950180054
2.6613094806671143
8.938318252563477
0.1557423621416092
0.0
8.528132438659668
17.35062026977539
50.14554214477539
1.0603464841842651
0.0
0.0
0.09921233355998993
-0.011078516021370888
-0.0026276560965925455
11.63933277130127
9.605663299560547
0.9672175645828247
4.602087497711182
0.6336299777030945
13.132893562316895
4.856753826141357
0.0
0.0
-0.0023323199711740017
-0.023906264454126358
-0.7306538820266724
-0.14860831201076508
1.5085207223892212
12.73049545288086
1.7104719877243042
19.98379898071289
2.1580464839935303
14.234663009643555
0.8205864429473877
1.3620609045028687
1.389228343963623
3.3711206912994385
2.7475388050079346
14.508307456970215
0.096807561814785
1.1528589725494385
6.451957702636719
0.28233474493026733
7.262630939483643
1.3354297876358032
2.4859631061553955
0.7918248772621155
16.000240325927734
1.7714486122131348
5.144244194030762
0.1705276370048523
4.715254783630371
6.302289009094238
9.070186614990234
14.532341003417969
1.393197774887085
1.4438978433609009
13.790841102600098
7.158947944641113
0.0
2.642007350921631
15.89222240447998
18.687580108642578
0.6673741340637207
6.983375072479248
11.287303924560547
7.976282119750977
2.1798765659332275
32.647403717041016
31.34958267211914
9.60958480834961
0.4559987187385559
-0.1842530220746994
2.0472233295440674
-0.02953851968050003
0.9032725095748901
12.920066833496094
1.1428937911987305
17.675251007080078
9.876413345336914
8.934178352355957
16.55377960205078
23.085662841796875
5.720465183258057
0.1991950124502182
0.36799997091293335
0.0
0.0
0.0
-0.0017492416081950068
0.3468649685382843
0.0
0.0
-0.0020429156720638275
-0.9651588201522827
12.149362564086914
5.6359758377075195
1.0078284740447998
0.03476286306977272
0.0
0.0
0.0
-0.704211413860321
5.85986328125
0.0
0.0
0.0
0.0
-0.7457192540168762
15.913233757019043
63.67070770263672
37.52633285522461
41.72498321533203
28.855318069458008
8.436903953552246
16.040538787841797
0.4502407908439636
4.811548233032227
0.6724163293838501
-0.017299329861998558
5.179765224456787
0.01278545893728733
0.0
0.016727272421121597
2.166224718093872
-0.002705262741073966
2.1130945682525635
0.015413442626595497
0.5748116374015808
-0.7619549036026001
47.220367431640625
1.3886996507644653
0.05915890261530876
8.330283164978027
3.912606716156006
3.1400339603424072
14.873122215270996
0.05018181353807449
32.73942184448242
6.22622537612915
0.033454544842243195
0.032140713185071945
0.033454544842243195
0.033454544842243195
0.01667082868516445
0.21743571758270264
3.1773457527160645
0.012893205508589745
5.40852165222168
0.03951262682676315
0.03232830762863159
0.033454544842243195
0.033454544842243195
0.034585293382406235
4.554628372192383
1.396173119544983
45.92012405395508
5.840615749359131
0.014287210069596767
-0.11176615953445435
37.75114440917969
0.2892966866493225
0.10997581481933594
-0.013234646990895271
0.07705999165773392
0.3627656102180481
0.016727272421121597
0.0
7.893134593963623
0.37535127997398376
-1.0317972898483276
-0.03640406206250191
0.5135480165481567
-0.007380407769232988
0.016727272421121597
0.033454544842243195
0.0
-0.036178357899188995
0.03101448342204094
0.14722596108913422
6.796407222747803
0.016727272421121597
0.016727272421121597
32.57994842529297
16.621402740478516
0.033454544842243195
0.05018181353807449
0.016727272421121597
0.033454544842243195
0.012554625049233437
0.0
0.0
0.0
-1.0463087558746338
27.048585891723633
-0.26142922043800354
0.3561307191848755
27.681106567382812
43.8651123046875
27.912504196166992
12.177033424377441
24.449796676635742
13.851384162902832
0.7918568253517151
-0.007882972247898579
2.0935556888580322
2.369947671890259
29.670490264892578
2.17580509185791
1.422817587852478
0.033454544842243195
0.033454544842243195
0.033454544842243195
0.033454544842243195
0.016727272421121597
0.033454544842243195
0.016689641401171684
3.555593729019165
0.030539143830537796
18.0045108795166
14.012118339538574
1.120487928390503
-0.06189148500561714
37.46484375
49.37553405761719
0.10773283988237381
20.456897735595703
99.82099914550781
0.9104706048965454
0.03142736107110977
0.03168763592839241
-1.8814032955560833E-5
-0.4358830451965332
0.5168397426605225
2.7420685291290283
3.545379638671875
30.00147247314453
1.2575839757919312
7.599157333374023
6.151212215423584
2.7413768768310547
1.8945575952529907
0.0
0.0
-0.019637441262602806
22.928176879882812
59.962921142578125
3.588261365890503
0.0
0.0
-0.012737005017697811
1.96597158908844
5.875309467315674
0.0016422162298113108
-0.1481616199016571
-0.7503629922866821
37.50442886352539
16.025802612304688
-0.017079763114452362
-0.011824455112218857
10.303445816040039
2.0159592628479004
2.9951276779174805
1.5215965509414673
-0.001629099017009139
4.816431045532227
26.207475662231445
43.662967681884766
2.406850814819336
0.0
0.0
0.0
0.0
-0.5225434899330139
13.157205581665039
0.029651479795575142
11.950679779052734
13.166563987731934
1.0577452182769775
0.033454544842243195
0.016727272421121597
0.0
0.0
0.0
-0.022127695381641388
-0.6082965135574341
5.590012073516846
-0.052350953221321106
14.52479076385498
1.3678098917007446
0.016727272421121597
7.153817176818848
5.86672306060791
0.022836776450276375
0.0
0.016727272421121597
0.0
0.0
-0.1046883836388588
15.093332290649414
8.039074897766113
0.014756527729332447
0.0
-0.6527518630027771
0.036323968321084976
0.0
-0.9163411855697632
11.215597152709961
2.444129228591919
0.016727272421121597
-0.0011661599855870008
47.945518493652344
3.434082269668579
0.017858024686574936
18.47585105895996
0.0
0.0
-0.0017492416081950068
0.00476108817383647
-0.0052477167919278145
0.0
-0.0011288467794656754
-0.3983268737792969
33.668617248535156
16.723346710205078
1.1876342296600342
0.0
19.779062271118164
15.135185241699219
-0.012244677171111107
0.0
0.0
0.0
0.0
0.0
-0.6240928173065186
0.04207710176706314
0.0
3.9343557357788086
8.729857444763184
12.817739486694336
0.0836363434791565
0.04843256622552872
-0.006900477223098278
16.132761001586914
0.05169684439897537
0.0
0.0
0.0
-0.08693023025989532
1.0429072380065918
15.464489936828613
6.049400806427002
0.016727272421121597
0.0
0.0
0.07754527032375336
0.0
-0.0667930543422699
-0.25257566571235657
5.764430046081543
0.0
0.0
-0.011824455112218857
0.0
-0.4573177397251129
1.334385871887207
2.199362277984619
5.3766021728515625
0.9033809304237366
-0.001445526722818613
-9.407062898389995E-4
2.3629682064056396
6.136415481567383
2.4910292625427246
-0.26410529017448425
4.872957229614258
0.2578810155391693
0.5639070272445679
0.0
0.5495277047157288
-1.8814032955560833E-5
-1.038831353187561
3.364421844482422
6.749560832977295
1.2851219177246094
3.3897528648376465
16.262353897094727
-0.0011661599855870008
0.0
20.9970760345459
19.512929916381836
2.6935503482818604
0.03877263516187668
0.0
0.0
-0.017492391169071198
2.155665159225464
0.0
0.44918131828308105
-0.0011661599855870008
0.8322506546974182
1.3503732681274414
44.687835693359375
29.173219680786133
13.672224998474121
0.0
0.0
0.20114946365356445
0.4347585439682007
0.24108335375785828
2.2869136333465576
2.272092819213867
2.646547555923462
2.313717842102051
8.580721855163574
0.8650261163711548
0.02918795309960842
-0.0017680544406175613
0.0
0.7443375587463379
0.0
