6.599951267242432
0.2762422263622284
0.0021527898497879505
-0.5723739862442017
34.890289306640625
0.0671546682715416
0.0
0.0
-0.17837250232696533
24.762983322143555
0.020499212667346
36.658329010009766
61.554222106933594
6.703771114349365
6.874346733093262
1.8514103889465332
3.0306403636932373
5.831002235412598
0.12837344408035278
28.11007308959961
-0.010812145657837391
0.0
-0.5893667340278625
7.833780288696289
1.8284717798233032
6.675769805908203
30.05329132080078
0.2590734660625458
-0.028681302443146706
0.0
0.0
0.0
-2.846667766571045
4.1937971115112305
0.0
0.0
0.08717628568410873
1.2066758871078491
4.267420291900635
1.9286338090896606
14.216157913208008
0.6454312205314636
-1.0057313442230225
24.390789031982422
0.03904305025935173
0.3804929852485657
0.0
0.0
0.5051201581954956
3.4679512977600098
-0.050319891422986984
1.0763649940490723
0.0
0.0
3.0410854816436768
28.37444305419922
0.10274799168109894
0.0
-1.8474605083465576
14.950200080871582
3.547971487045288
0.764926552772522
0.0
2.5728421211242676
2.747436285018921
8.687078475952148
-0.23225289583206177
0.0
0.0
0.0
-0.47010886669158936
0.0071449908427894115
3.0208775997161865
0.004666231572628021
6.362878322601318
14.815877914428711
17.993179321289062
5.290856838226318
0.07224898785352707
0.0
0.0
0.057178959250450134
47.22182846069336
0.08038810640573502
3.658773422241211
1.9733269214630127
7.5225677490234375
-0.0710686445236206
4.942846775054932
5.015266418457031
16.79897689819336
0.278836727142334
NaN
NaN
NaN
NaN
NaN
NaN
NaN
NaN
NaN
NaN
NaN
NaN
NaN
NaN
NaN
NaN
NaN
NaN
NaN
NaN
NaN
NaN
NaN
NaN
NaN
NaN
NaN
NaN
NaN
NaN
NaN
NaN
NaN
NaN
NaN
NaN
NaN
NaN
NaN
NaN
NaN
NaN
NaN
NaN
NaN
NaN
NaN
NaN
NaN
NaN
NaN
NaN
NaN
NaN
NaN
NaN
NaN
NaN
NaN
NaN
NaN
NaN
NaN
NaN
NaN
NaN
NaN
NaN
NaN
NaN
NaN
NaN
NaN
NaN
NaN
NaN
NaN
NaN
NaN
NaN
NaN
NaN
NaN
NaN
NaN
NaN
NaN
NaN
NaN
NaN
NaN
NaN
NaN
NaN
NaN
NaN
NaN
NaN
NaN
NaN
NaN
NaN
NaN
NaN
NaN
NaN
NaN
NaN
NaN
NaN
NaN
NaN
NaN
NaN
NaN
NaN
NaN
NaN
NaN
NaN
NaN
NaN
NaN
NaN
NaN
NaN
NaN
NaN
NaN
NaN
NaN
NaN
NaN
NaN
NaN
NaN
NaN
NaN
NaN
NaN
NaN
NaN
NaN
NaN
NaN
NaN
NaN
NaN
NaN
NaN
NaN
NaN
NaN
NaN
NaN
NaN
NaN
NaN
NaN
NaN
NaN
NaN
NaN
NaN
NaN
NaN
NaN
NaN
NaN
NaN
NaN
NaN
NaN
NaN
NaN
NaN
NaN
NaN
NaN
NaN
NaN
NaN
NaN
NaN
NaN
NaN
NaN
NaN
NaN
NaN
NaN
NaN
NaN
NaN
NaN
NaN
NaN
NaN
NaN
NaN
NaN
NaN
NaN
NaN
NaN
NaN
NaN
NaN
NaN
NaN
NaN
NaN
NaN
NaN
NaN
NaN
NaN
NaN
NaN
NaN
NaN
NaN
NaN
NaN
NaN
NaN
NaN
NaN
NaN
NaN
NaN
NaN
NaN
NaN
NaN
NaN
NaN
NaN
NaN
NaN
NaN
NaN
NaN
0.0
0.0
0.0
0.0
0.0
0.0
0.0
0.0
0.0
0.0
0.0
0.0
0.0
0.0
0.0
0.47352704405784607
0.6737862229347229
0.0
0.0
0.00829586386680603
-0.0054060728289186954
0.5248938202857971
19.884502410888672
0.0
0.08887802064418793
22.312089920043945
0.0
12.9176607131958
0.0
25.486583709716797
127.91265106201172
8.799867630004883
3.9590375423431396
3.606656551361084
2.9761924743652344
0.7064240574836731
0.23193469643592834
0.0
0.8482785224914551
-0.021734202280640602
0.0010917526669800282
0.0
0.028062228113412857
0.7224897742271423
0.0
11.988570213317871
7.645240783691406
1.6696507930755615
0.14757338166236877
0.2889959514141083
-0.5256277322769165
4.284071922302246
0.0
0.0
0.0
0.02460331656038761
-0.036504633724689484
-0.014437888748943806
-2.7671797275543213
5.333964824676514
0.7571336627006531
0.0
-0.048842478543519974
-0.06598174571990967
0.0
-0.23239320516586304
0.0
-1.563640832901001
6.992761135101318
0.2013091742992401
-2.748225212097168
-0.263876736164093
0.14449797570705414
0.0
7.625800132751465
0.34327784180641174
0.0
0.056124456226825714
0.0
0.0
0.0
-0.6961045861244202
5.247820854187012
0.0
-1.4797111749649048
16.269012451171875
21.155799865722656
42.48971939086914
63.12930679321289
15.091621398925781
11.766160011291504
-0.7352834343910217
3.359449625015259
0.0
2.4990217685699463
11.633899688720703
8.291962623596191
-0.5944300889968872
0.006150829140096903
0.1909332275390625
4.334939002990723
0.7057425379753113
9.18060302734375
7.042254447937012
7.453667163848877
12.342092514038086
-0.003253282979130745
-0.13515180349349976
-0.11911740899085999
0.0
0.0
8.38236141204834
0.0
0.0
0.0
0.0
0.0
0.0
0.0
10.16187572479248
0.0
6.150830304250121E-4
28.971567153930664
0.005659892689436674
3.338587522506714
-0.06290283799171448
-0.2397916465997696
16.498279571533203
17.347530364990234
-0.024153247475624084
0.0
0.1588093638420105
14.153021812438965
-0.39813151955604553
3.971670627593994
4.977845191955566
4.109628677368164
1.5732208490371704
2.4210615158081055
0.4034959673881531
0.0
0.0
-0.6951081156730652
-1.5538156032562256
16.78592300415039
-1.5070146322250366
35.15810012817383
3.550727128982544
4.043827533721924
16.362777709960938
0.0
0.021835073828697205
-2.970903158187866
10.622986793518066
0.0
0.2623063921928406
0.0
0.0
0.5426692366600037
11.967635154724121
4.243584156036377
27.589609146118164
1.7725857496261597
1.5487371683120728
-0.38251206278800964
19.66031837463379
16.1171817779541
3.474395990371704
-0.11399421095848083
1.3940918445587158
0.5450263619422913
1.0936559438705444
1.2200920581817627
1.5624303817749023
9.538954734802246
6.563748836517334
1.157359004020691
0.0
0.0
0.0
0.0
-1.354213833808899
13.445745468139648
0.0
1.1552417278289795
1.6607309579849243
16.814002990722656
6.76880407333374
-0.8446009755134583
4.457771301269531
0.20458705723285675
-0.16036759316921234
4.2506513595581055
15.547969818115234
10.73429012298584
3.0675809383392334
-0.13515180349349976
-0.06231096386909485
2.2587547302246094
11.334867477416992
0.5568276047706604
2.080104112625122
5.82479190826416
0.007938878610730171
2.646292850840837E-4
-0.45666441321372986
14.447349548339844
1.0804367065429688
7.5229902267456055
0.6810142397880554
-0.019565802067518234
-2.4791040420532227
19.27703857421875
0.1488649845123291
0.0
-0.006063453387469053
0.11251354962587357
0.0
0.8491005897521973
2.1992251873016357
0.021835073828697205
0.1813322901725769
0.690334677696228
6.727119445800781
1.3377186059951782
16.929567337036133
0.050180498510599136
-0.255788117647171
-5.307072639465332
4.666693210601807
4.815035343170166
5.150725364685059
19.4158878326416
-0.30954861640930176
-1.1274691820144653
-5.44605827331543
-4.322640895843506
-0.9767107963562012
24.4039249420166
-0.0044103991240262985
-0.38207677006721497
22.076013565063477
-0.29791873693466187
-0.006063453387469053
-0.020277872681617737
0.025781072676181793
-0.004717940930277109
3.4851036071777344
10.668743133544922
4.100245475769043
0.1400916427373886
-0.03341822698712349
6.150830304250121E-4
0.027678728103637695
0.03382956236600876
0.0
-0.23297233879566193
61.302249908447266
0.11132651567459106
3.3502743244171143
-0.5902696847915649
3.7506563663482666
-0.004789374768733978
1.9536395072937012
-0.010823248885571957
0.0
0.21705450117588043
0.0
0.0
-0.11251223832368851
-6.346008777618408
4.899050235748291
17.075475692749023
0.0
-0.6515129804611206
-4.599745750427246
5.5251054763793945
0.07073453813791275
-1.0754060745239258
10.829935073852539
33.51675033569336
40.989349365234375
18.79635238647461
4.584656238555908
72.37648010253906
34.668678283691406
27.39413833618164
0.0032752619590610266
12.502564430236816
0.9160619378089905
2.092783212661743
1.019629716873169
-0.007547983434051275
0.8286141753196716
0.6318868398666382
0.07224898785352707
0.0
0.0
-0.01626051403582096
-0.01089630089700222
0.0
0.0
9.619651794433594
11.967450141906738
46.74610137939453
0.04194600507616997
0.02836977131664753
-0.04303735867142677
-1.3052765130996704
11.64378833770752
14.777080535888672
0.07748867571353912
0.0
0.015249508433043957
0.07639691978693008
0.0
0.07334073632955551
0.14558972418308258
0.0010917526669800282
0.0018094865372404456
0.08418669551610947
0.0
0.015348496846854687
-0.17504937946796417
-0.07929927110671997
0.41293689608573914
-0.2030571550130844
-2.1399571895599365
17.162208557128906
19.73847007751465
0.6389638781547546
-0.005098531022667885
-0.244945228099823
9.265777587890625
0.9558132290840149
0.100632444024086
21.861183166503906
3.7544655799865723
-0.11186215281486511
4.024064064025879
0.3358362317085266
-0.7924891710281372
3.3519158363342285
1.6379293203353882
0.0010917526669800282
0.0
1.147652506828308
10.626388549804688
0.6382519006729126
0.5181461572647095
-0.22675733268260956
-0.004483446944504976
-0.3839654326438904
-5.3350419998168945
40.36167907714844
23.279306411743164
14.644439697265625
27.572050094604492
1.4282206296920776
0.0
0.0
0.0
-1.1594960689544678
2.9248688220977783
0.2167469561100006
0.07224898785352707
0.880565345287323
0.14449797570705414
0.0
0.0
13.098322868347168
39.90669250488281
0.0
0.0
0.0
-2.3398592472076416
17.162899017333984
15.464669227600098
2.5246615409851074
0.0
0.3482772409915924
4.824585437774658
8.971890449523926
3.6325087547302246
25.72019386291504
0.02555975131690502
0.0
3.0754151521250606E-4
0.0
0.0
3.0754151521250606E-4
0.0
0.0
-0.835277795791626
21.1643123626709
34.37078857421875
-0.006063453387469053
19.65721321105957
-0.0013430272229015827
0.25419947504997253
45.609683990478516
-5.278359413146973
2.35135817527771
4.798137187957764
26.930822372436523
1.772802472114563
10.655414581298828
0.0037356805987656116
0.1572125405073166
-0.45888546109199524
2.2952418327331543
27.8572998046875
0.5318667888641357
-0.6708276867866516
2.137739896774292
7.512317657470703
11.432868003845215
0.0
1.676710605621338
43.3361930847168
17.75596046447754
-2.2416257858276367
-0.0011174277169629931
0.5356405377388
10.200275421142578
14.002703666687012
22.481101989746094
1.8139755725860596
0.0
13.548999786376953
4.635397434234619
0.6040775179862976
0.36480897665023804
0.056124456226825714
0.005846579093486071
60.13937759399414
7.9639363288879395
6.150830304250121E-4
0.0
0.0
-0.11882847547531128
0.9027671217918396
1.7986971139907837
-1.0246585607528687
28.01133918762207
-4.930830001831055
3.3346188068389893
0.8344007134437561
0.019651567563414574
0.0
1.2903317213058472
9.844062805175781
-0.21139980852603912
11.587316513061523
20.638534545898438
14.914912223815918
-7.860865116119385
23.878360748291016
0.11345545947551727
-1.8020503520965576
15.74699878692627
8.337727546691895
3.655606269836426
16.450531005859375
0.0
0.01934788189828396
-2.364771842956543
2.953368663787842
0.20008578896522522
0.0
19.137235641479492
2.3216421604156494
2.4801409244537354
0.0
3.0754151521250606E-4
20.472623825073242
6.218104839324951
0.7570468187332153
-7.559933662414551
53.346031188964844
7.051174640655518
0.0
0.0
0.0
0.020111827179789543
0.027063649147748947
6.059930801391602
27.481863021850586
-0.0022628214210271835
0.6909001469612122
10.133949279785156
2.254744291305542
0.009533785283565521
0.0
0.0
3.320969343185425
12.388689994812012
15.69676685333252
-0.33548352122306824
0.0
10.11485767364502
0.3776177763938904
-0.27426841855049133
17.372934341430664
0.1528533399105072
0.4489956498146057
-3.946577787399292
16.617048263549805
0.0
-4.793481826782227
9.33842945098877
0.0
0.0
3.789564371109009
0.016415290534496307
0.0
0.0
0.0
0.0
5.936419486999512
2.988283395767212
-0.3992712199687958
3.585986614227295
3.6615195274353027
5.082152366638184
18.390167236328125
8.338269233703613
10.834609031677246
5.988762855529785
-2.6164777278900146
8.745966911315918
9.530510902404785
0.12678097188472748
-0.24060139060020447
10.525561332702637
0.18182937800884247
-0.04529612138867378
123.7369155883789
7.2923994064331055
1.3525114059448242
2.0957694053649902
-3.369523525238037
14.249523162841797
11.237175941467285
0.004147931933403015
-0.8178568482398987
-3.192528247833252
-3.483757257461548
4.712156295776367
1.2705986499786377
0.0
-0.20997844636440277
6.535120487213135
3.1732964515686035
0.39308732748031616
6.769110679626465
2.2746012210845947
18.719087600708008
8.91904354095459
0.20162394642829895
-0.5374922156333923
-1.599239706993103
4.1209893226623535
0.0
-0.7048949003219604
-0.08867044746875763
22.09544563293457
4.0021257400512695
0.056124456226825714
0.561552107334137
3.5361485481262207
2.5432708263397217
0.6491594910621643
-0.30782875418663025
0.0
-0.3965440094470978
-1.2314178943634033
0.8372562527656555
0.07224898785352707
-0.4809570908546448
21.61669921875
1.80808424949646
-0.4236912429332733
0.0011029754532501101
0.0010917526669800282
0.0
4.415968418121338
2.104799270629883
0.004305579699575901
0.0
0.06413987278938293
6.150830304250121E-4
0.0
-0.007186485920101404
-0.04950716346502304
19.193490982055664
-0.07602285593748093
0.0
0.0
-0.0038683649618178606
0.1587504893541336
-0.5847360491752625
17.138837814331055
-5.164555072784424
15.574881553649902
5.724798202514648
25.590669631958008
24.9796142578125
3.207263231277466
-0.0012672169832512736
-0.004717940930277109
0.03264344111084938
1.0693646669387817
7.7242512702941895
1.8278393745422363
0.2124326378107071
-0.011500803753733635
0.0
0.0513334721326828
-0.010812145657837391
0.3928712010383606
0.0
0.029153982177376747
0.033996883779764175
-4.760237693786621
-1.5463218688964844
-0.7697729468345642
-0.03534211590886116
0.19559156894683838
27.129106521606445
0.5285581350326538
9.226244874298573E-4
0.0
0.0
0.0010917526669800282
0.0010917526669800282
0.0010917526669800282
0.0
-0.781126856803894
0.545845091342926
28.337738037109375
18.480749130249023
5.63433313369751
7.5922136306762695
0.24340204894542694
0.8215823769569397
1.5803906917572021
10.663924217224121
8.378230094909668
1.1476045846939087
20.169788360595703
5.783027172088623
0.012443793937563896
-0.1623658388853073
11.052925109863281
9.904476165771484
6.615434169769287
-0.010098145343363285
-0.04615192860364914
1.6620471477508545
0.040795329958200455
-0.02594735287129879
0.0022059509065002203
-0.025557726621627808
-0.5761093497276306
0.0723370909690857
-0.029425861313939095
-0.007192534394562244
0.051810137927532196
-0.004006778821349144
0.002014377387240529
0.0010917526669800282
-0.06942493468523026
15.79856014251709
6.1642537117004395
0.22566606104373932
60.52373123168945
0.0
0.0024910476058721542
0.0
0.0
0.0
2.8636512756347656
24.072425842285156
0.9436038136482239
0.07243168354034424
0.0010917526669800282
0.0
0.022023240104317665
-1.8160431385040283
1.2000986337661743
-0.2157711535692215
-2.059751033782959
-0.18071036040782928
0.6954504251480103
0.37063080072402954
0.0030754145700484514
-0.13461768627166748
0.0010917526669800282
-0.007076909299939871
-0.004717940930277109
-0.006433513481169939
0.011719982139766216
0.07662270963191986
1.981674075126648
0.06294922530651093
0.0
-0.42833399772644043
0.0
-0.0036992370150983334
0.0
0.0
3.86411452293396
0.45235100388526917
19.741134643554688
0.0021835053339600563
0.0
0.0
0.0
0.0
-0.057187508791685104
-1.6664718389511108
1.3996684551239014
19.854284286499023
-0.030101986601948738
0.0022059509065002203
-0.060044869780540466
0.6174095273017883
3.264176368713379
2.0864920616149902
-0.2574876546859741
0.2066229283809662
0.0
0.0
-0.004569271579384804
0.0030754145700484514
0.0
5.997316360473633
2.773690938949585
19.681926727294922
1.8274941444396973
0.0
0.0
0.0
0.0
1.8876914978027344
0.5068361759185791
0.0
0.0
-1.6014935970306396
1.6767637729644775
-0.15869581699371338
-0.8994197249412537
21.9034423828125
0.8954708576202393
1.1521731615066528
1.2707875967025757
-0.16049468517303467
7.534945487976074
1.0908913612365723
0.0
-0.044797807931900024
-0.11057348549365997
-0.19726257026195526
7.11851167678833
9.047657012939453
12.987595558166504
0.0
40.08076858520508
4.367799758911133
1.1904945373535156
0.08418669551610947
0.0
0.0
0.0
0.0
0.0
0.0
-2.0740442276000977
4.548773288726807
19.801908493041992
1.0204294919967651
0.0
0.0
1.0803261995315552
83.57489013671875
1.0565725564956665
0.0
0.28062230348587036
1.8728138208389282
0.006150829140096903
23.05320930480957
7.971524715423584
0.11224891245365143
0.9541157484054565
0.1716686338186264
25.034557342529297
7.874129295349121
3.996940851211548
0.0
0.0
0.008551916107535362
-0.5523009896278381
11.64637279510498
2.683901309967041
0.0
3.8349621295928955
10.35141372680664
4.715883255004883
0.26214832067489624
-0.09029442071914673
0.0
0.0
0.0
10.979941368103027
5.909943580627441
2.7324721813201904
2.823774576187134
1.2665369510650635
-0.129745751619339
0.0
-0.5109633803367615
0.0
-0.0361175499856472
-0.012703772634267807
23.102468490600586
0.0015377072850242257
0.0
0.0
36.27456283569336
0.0
-3.153742551803589
35.62456512451172
0.14824259281158447
12.679884910583496
17.987083435058594
33.448997497558594
0.11644522100687027
0.0
0.0013744835741817951
0.38905006647109985
55.970909118652344
6.089677333831787
5.102681636810303
0.0
0.0
0.0
0.0
-0.6476600766181946
2.8367881774902344
31.456512451171875
50.37931442260742
10.623539924621582
0.0
0.0
0.0
0.0
0.0
0.4010242819786072
6.024624347686768
-2.4595766067504883
-0.014366877265274525
6.929292678833008
26.092529296875
0.37236636877059937
18.388954162597656
3.526629686355591
0.040244925767183304
0.5331823825836182
-0.008109109476208687
-0.048889800906181335
-0.2318233698606491
0.1274517923593521
0.14754605293273926
1.592685580253601
15.107122421264648
7.629676342010498
0.11030076444149017
0.07224898785352707
0.3078024983406067
5.226357460021973
5.245328426361084
1.280809760093689
-3.7609474658966064
6.461702346801758
-0.17985931038856506
3.3036155700683594
13.805459022521973
5.839093208312988
1.7562289237976074
0.2886534035205841
0.11200811713933945
0.056124456226825714
11.36571979522705
0.045748528093099594
2.646292850840837E-4
2.2935550212860107
6.413297653198242
0.44345220923423767
-0.0010381450410932302
0.0015987050719559193
0.010917536914348602
0.13336916267871857
0.0
0.0012301660608500242
-0.04060112312436104
0.0033829561434686184
0.0
0.45765015482902527
4.136345386505127
0.8912562727928162
9.854762077331543
0.0
0.0
4.063040733337402
0.0
0.0
0.0
-0.09545204788446426
-0.5290985107421875
8.19912338256836
0.16837339103221893
0.0
0.29758360981941223
2.708738327026367
10.454686164855957
2.1900274753570557
0.980370044708252
0.04330937936902046
2.723034381866455
2.3352842330932617
67.95268249511719
4.975483417510986
-0.018315929919481277
0.0
0.07224898785352707
0.0
0.0
3.080739974975586
28.967844009399414
6.883257865905762
0.8669878244400024
3.901445150375366
-0.05249461159110069
0.14302945137023926
5.590157508850098
5.2582316398620605
0.44205012917518616
-4.971161833964288E-4
-0.03458525985479355
-0.04268347844481468
2.34342622756958
2.8857102394104004
2.529205083847046
0.107282854616642
0.0
0.028062228113412857
0.052066631615161896
0.13280200958251953
-1.9162813425064087
0.6658316254615784
51.67008972167969
0.4786966145038605
0.0
-2.1473388671875
9.102392196655273
0.05788835138082504
0.030499016866087914
0.0021835053339600563
0.0010917526669800282
-0.004717940930277109
3.0754151521250606E-4
3.8637261390686035
14.330084800720215
0.0
0.0
42.96207809448242
31.24933433532715
11.224258422851562
4.729513168334961
47.40509796142578
2.963336229324341
0.006437935400754213
-0.004650265444070101
4.293420314788818
1.5692501068115234
30.75259780883789
-3.5338361263275146
2.520475387573242
0.017433011904358864
0.0021835053339600563
0.0010917526669800282
0.0
-0.011362389661371708
0.2589494287967682
3.7297136783599854
15.254839897155762
4.2989277839660645
7.0431623458862305
0.912973940372467
0.14558972418308258
0.0010917526669800282
-0.008109109476208687
-0.005925603210926056
0.4453694522380829
3.5472137928009033
1.719228982925415
1.490140438079834
-0.009508929215371609
-0.0066732922568917274
-0.00322256563231349
-0.12801796197891235
5.83342170715332
0.12301618605852127
5.639754772186279
7.549899578094482
1.4101672172546387
0.0
-0.006402274593710899
0.0
0.03768917918205261
-0.27238211035728455
0.0010917526669800282
0.001706835813820362
0.0024680388160049915
0.11066198348999023
-0.05652368441224098
-1.2726740837097168
1.3417489528656006
0.02905258908867836
2.6468594074249268
2.172743797302246
0.03240273892879486
-0.004906711634248495
0.9030742049217224
19.404809951782227
2.120098352432251
14.995368957519531
0.02947734296321869
0.0013992942404001951
0.0022138836793601513
23.221830368041992
0.03683045506477356
0.006915857084095478
0.0021835053339600563
0.0
0.6999320983886719
-2.0297837257385254
48.75679397583008
5.678891658782959
4.250732898712158
-0.0030575657729059458
0.02733592502772808
0.43667203187942505
0.1964356005191803
0.0
0.0
0.0
0.056124456226825714
0.0
-0.004314320627599955
0.0
0.09762441366910934
-2.3797178268432617
17.256877899169922
5.467228412628174
-0.027239050716161728
0.0
0.0
0.0
-1.503666877746582
6.799973487854004
0.15101459622383118
-0.0054060728289186954
3.0754151521250606E-4
0.0021835053339600563
0.0
0.0
0.0
0.0
0.013539006002247334
-0.1442101150751114
-2.42964768409729
-3.3750827312469482
-0.2534557282924652
-0.953925609588623
0.6319520473480225
11.34982681274414
0.0010917526669800282
0.0
0.11799750477075577
0.7738692760467529
6.875924587249756
0.0
0.0010917526669800282
0.0
0.0
-0.327134370803833
-0.1579565852880478
0.271819531917572
0.0
0.0
0.0
0.16180892288684845
-3.3180792331695557
-1.5961228609085083
11.489557266235352
19.8376407623291
24.224834442138672
33.2010498046875
25.489612579345703
0.009387616999447346
0.0
0.0
0.0
-2.1036152839660645
13.720139503479004
0.102783203125
20.999679565429688
23.099288940429688
-0.0054060728289186954
0.0
2.96917986869812
23.617597579956055
10.29599380493164
9.226244874298573E-4
0.0
0.004305579699575901
0.0
0.004613122902810574
-0.04476603865623474
0.10433892905712128
0.0
0.0
-0.08595511317253113
2.9220833778381348
12.103378295898438
-0.039692819118499756
13.679039001464844
3.142390727996826
0.0
-1.847203016281128
47.45671844482422
0.0
14.925182342529297
0.0
0.0
0.0
-0.19484761357307434
11.747591972351074
13.275209426879883
12.803783416748047
3.9502274990081787
0.0
0.0
0.01978994533419609
1.285243272781372
0.06099803373217583
0.0
0.14202313125133514
7.295855522155762
-0.3666662871837616
22.009450912475586
0.0
0.0
-1.1775015592575073
29.75947380065918
11.717804908752441
19.836484909057617
6.264110565185547
0.0
1.5513135194778442
-0.6439603567123413
1.3834935426712036
0.08924973011016846
0.0
0.03763940930366516
0.0
0.0
0.0
0.0013231465127319098
-0.24635006487369537
9.080238342285156
-0.5009241700172424
9.439886093139648
2.366791009902954
0.0
0.0
0.09955035150051117
0.0
-0.007711945101618767
0.5997585654258728
38.53724670410156
31.97734260559082
11.334211349487305
1.941056728363037
2.3457236289978027
1.221874475479126
1.9362937211990356
0.1964356005191803
0.0
0.0
-1.016534686088562
23.329933166503906
0.0
-0.06033417209982872
7.556371212005615
1.3432927131652832
0.12118110805749893
1.045888900756836
1.2167625427246094
2.5948634147644043
0.0
0.0015377072850242257
0.0
-0.03673713281750679
0.010456412099301815
11.452359199523926
0.0
0.0
-1.1688753366470337
-0.16443176567554474
1.2671769857406616
0.0
0.03275258466601372
0.03750449791550636
0.34313830733299255
19.142181396484375
0.9747524857521057
0.0
0.0
0.0
-2.8222107887268066
15.001657485961914
0.0
0.0
0.0
0.004951379727572203
0.0
0.0
0.0
2.200266122817993
17.236618041992188
0.5280786156654358
0.0
0.0
0.4321596622467041
7.167777061462402
0.014761991798877716
-2.4851291179656982
1.0493797063827515
2.137051582336426
0.9468241333961487
0.0
0.5779919028282166
7.094333648681641
7.938880007714033E-4
0.021005824208259583
-0.3338306248188019
4.983551025390625
2.547128438949585
0.8960390090942383
2.601294994354248
2.837367296218872
-0.06558232009410858
0.0
12.875249862670898
0.2784558832645416
3.6709327697753906
0.0
3.0754151521250606E-4
0.2579101026058197
0.0
13.09273910522461
14.014281272888184
5.598613262176514
4.763253211975098
4.100776672363281
0.056124456226825714
-0.016218218952417374
0.0
0.0
0.0
0.0
0.0
0.029507501050829887
-0.048842478543519974
0.2889959514141083
0.0029109225142747164
11.670884132385254
82.91275787353516
-0.7256547808647156
0.38204801082611084
0.8413993120193481
3.0754151521250606E-4
9.105403900146484
0.0
0.03352201357483864
19.065359115600586
11.509215354919434
21.953960418701172
0.09204466640949249
0.0
0.0
-0.06419428437948227
0.022027531638741493
1.536584734916687
5.334006309509277
16.73995018005371
32.181884765625
4.824399948120117
1.1662527322769165
0.7174513339996338
7.8799262046813965
1.4918501377105713
5.957895755767822
7.182744026184082
-0.284817099571228
-2.225133180618286
-3.4936981201171875
8.015604972839355
15.773115158081055
18.043453216552734
2.744863271713257
-0.003626186866313219
0.06843068450689316
0.8197713494300842
5.238611698150635
-0.162652850151062
0.0021835053339600563
-0.007076909299939871
0.0
21.001192092895508
2.2425663471221924
1.44480562210083
20.849796295166016
0.07334073632955551
3.75624680519104
-5.195292178541422E-4
-0.0027030364144593477
0.0021835053339600563
0.0
0.022128725424408913
-0.6968449950218201
-2.8511478900909424
3.2260918617248535
4.968465805053711
6.68543815612793
-1.6941554546356201
27.547378540039062
-3.829690456390381
0.34293222427368164
-1.8863176107406616
0.06438235193490982
0.5595875382423401
52.344547271728516
53.305397033691406
3.520510673522949
11.952306747436523
0.012403780594468117
0.0021835053339600563
6.357352256774902
2.2728259563446045
0.0032752619590610266
-5.195292178541422E-4
0.0
0.0021835053339600563
-0.3066655397415161
3.029000759124756
0.05320943519473076
-0.045163288712501526
3.0754151521250606E-4
0.15224653482437134
0.13610248267650604
0.0024116053245961666
0.059538133442401886
0.0010917526669800282
-0.18917857110500336
-0.061413247138261795
1.1603894233703613
41.79945373535156
3.206808090209961
48.83477020263672
6.80484676361084
1.3046376705169678
8.819192886352539
13.977714538574219
0.6164866089820862
3.0185794830322266
0.14449797570705414
0.0
-0.0054060728289186954
-0.001611282816156745
-0.012482982128858566
-2.467942237854004
1.7616379261016846
4.980713367462158
2.2270419597625732
0.12387173622846603
0.03024573065340519
0.27955517172813416
0.0010917526669800282
-3.719710350036621
14.973796844482422
0.16955913603305817
0.5689542889595032
0.07224898785352707
0.001706835813820362
0.0
0.0032752619590610266
-0.001611282816156745
0.056124456226825714
0.0
0.0015877760015428066
3.7449913024902344
51.9267578125
1.911914348602295
0.0032752619590610266
0.0010917526669800282
-0.6652601361274719
22.658052444458008
13.899614334106445
3.1423707008361816
-0.016048571094870567
-0.010207857936620712
-0.00322256563231349
-0.001611282816156745
-5.195292178541422E-4
0.0
0.0
0.0010917526669800282
0.0
0.0
0.0
0.0
0.0
-0.686684250831604
21.814929962158203
16.461444854736328
9.99046516418457
5.513839244842529
1.0751060247421265
-0.009327876381576061
-0.0028300476260483265
0.0010917526669800282
0.056124456226825714
0.0066085755825042725
14.034686088562012
0.0024665845558047295
-0.011511823162436485
4.010965824127197
-0.2114853411912918
-0.15070149302482605
24.230010986328125
1.0259636640548706
0.0
-0.0054060728289186954
-1.3912913799285889
-0.9005842804908752
39.962188720703125
49.0155143737793
46.68480682373047
1.304996132850647
-0.25611230731010437
22.459421157836914
15.79875373840332
0.0021835053339600563
0.0
0.0
-0.808708906173706
-4.657713413238525
12.174519538879395
3.418766498565674
0.0
1.2306945323944092
26.45501708984375
1.0488399267196655
0.08906026929616928
10.516241073608398
30.20751953125
1.1056010723114014
0.9693387150764465
-0.0199136920273304
0.004147931933403015
-1.905838131904602
10.939167022705078
0.09164642542600632
0.0
0.0
0.08418669551610947
2.8653669357299805
0.4896993935108185
0.0
0.003670277539640665
7.632859230041504
40.99150085449219
1.5138705968856812
7.93546199798584
5.816930294036865
11.110864639282227
0.1500452160835266
0.0032752619590610266
-0.006063453387469053
0.0
17.795400619506836
14.941217422485352
44.20123291015625
66.2939682006836
3.854367733001709
0.09149705618619919
0.0
-0.013729861937463284
1.9414149522781372
13.267244338989258
0.0
0.29412439465522766
0.0
-0.15908315777778625
63.18806838989258
2.6371710300445557
0.07224898785352707
1.056853175163269
-0.12210623174905777
0.0
0.0
-0.006158632691949606
8.602733612060547
-0.46092429757118225
30.310571670532227
1.1386137008666992
0.0
0.5309810638427734
2.7219743728637695
0.0
0.0
0.0
-0.3230964243412018
2.2649011611938477
6.574385643005371
8.831995964050293
30.06867218017578
5.694920539855957
0.0
0.0
0.8137842416763306
2.090466260910034
7.126109600067139
0.0
0.0
0.0
0.0
-0.07328848540782928
0.5448843240737915
1.4519739151000977
0.0
0.007646006532013416
-2.5745902061462402
11.213623046875
0.18176068365573883
0.002767872763797641
0.004920664243400097
1.8547028303146362
0.7947388887405396
0.0
0.0
0.0
-0.04865465313196182
7.2512054443359375
8.632402420043945
1.9432611465454102
-0.7135233283042908
1.7255597114562988
0.38202527165412903
1.3004816770553589
0.10772351175546646
6.339804172515869
0.7511307597160339
0.0
0.0
0.056124456226825714
-0.3323497176170349
18.121686935424805
1.2043431997299194
9.715476036071777
10.426880836486816
7.093883514404297
-0.006063453387469053
0.0
0.0
0.0
0.0
-1.8730257749557495
-0.1794808954000473
1.0805386304855347
0.10701946169137955
-2.133164167404175
1.6393295526504517
2.9777884483337402
1.5838509798049927
15.400137901306152
8.094132423400879
7.673780918121338
5.942351818084717
-1.1806704998016357
12.241459846496582
6.201557159423828
37.15040588378906
20.07639503479004
9.119787216186523
0.0
0.165917307138443
0.2247961312532425
0.0
0.9475404024124146
1.403111457824707
0.0
0.0
-0.02175314724445343
-0.37202033400535583
15.824790954589844
7.150458335876465
0.36124488711357117
0.0
16.8867244720459
0.2964739203453064
9.913732528686523
5.615232944488525
-0.024421239271759987
1.9080488681793213
27.198287963867188
3.832184314727783
1.1869874000549316
0.6454312205314636
30.8769588470459
10.528341293334961
5.437180042266846
-0.2514894902706146
-1.2773478031158447
-2.681748628616333
0.7598799467086792
0.2651231586933136
0.0
1.1161868572235107
5.309058666229248
0.3568100035190582
2.5939788818359375
1.7372288703918457
0.0
0.0
0.0
-0.4184611439704895
10.873405456542969
0.0
0.0
0.0012301660608500242
0.010808671824634075
0.0
0.0
0.0
-0.5906948447227478
8.55049991607666
11.795053482055664
9.334715843200684
0.6670379638671875
-0.2131199687719345
4.211878776550293
-0.07044921070337296
11.121822357177734
0.004920664243400097
3.8906850814819336
25.42210578918457
0.4732985198497772
0.0
0.0
0.0
0.8138046860694885
0.14449797570705414
0.0
-0.6429632306098938
0.5095124244689941
7.35286283493042
-0.20656675100326538
11.001561164855957
-0.25112614035606384
0.01048712432384491
3.0754151521250606E-4
0.04313456639647484
-1.1052874326705933
5.060802459716797
0.49605366587638855
0.0
0.0
0.0
-1.9669435024261475
20.695640563964844
0.0
-0.006105309817939997
0.05440181493759155
6.251497268676758
-0.010419631376862526
-0.0201400239020586
-0.001611282816156745
0.0010917526669800282
0.0
-0.09512324631214142
0.5482721924781799
2.1952013969421387
0.0010917526669800282
0.0010917526669800282
-0.06378111243247986
7.929805755615234
5.775946140289307
6.57186222076416
10.689872741699219
0.1554206758737564
-0.024379385635256767
0.0
0.0010917526669800282
0.0
0.0010917526669800282
-0.00322256563231349
-1.1368522644042969
16.54265022277832
4.470955848693848
0.030499016866087914
0.0
-0.011287995614111423
0.8649155497550964
0.018076973035931587
0.0021835053339600563
1.1372673511505127
0.04016515985131264
-2.4943015575408936
-4.921380996704102
0.4545217454433441
-0.044461049139499664
-0.17245858907699585
2.8753042221069336
3.217402935028076
-0.005013559479266405
0.017913267016410828
0.0
0.0
0.834269106388092
23.711414337158203
0.10493151098489761
0.0021835053339600563
-0.07567033171653748
-0.17939776182174683
16.366151809692383
0.24833771586418152
-0.3405299484729767
-0.010823564603924751
0.0
20.916297912597656
32.3486442565918
2.3672502040863037
0.3132222592830658
-0.10297367721796036
24.037158966064453
1.7405027151107788
0.09673672169446945
0.028062228113412857
-0.021189916878938675
0.02456763945519924
0.2090894728899002
-8.304953225888312E-4
0.03191756084561348
-0.026902711018919945
-0.020151127129793167
0.045047447085380554
0.0
13.248128890991211
2.03367018699646
0.0010917526669800282
-1.330093502998352
9.226244874298573E-4
-1.9821462631225586
2.6894888877868652
12.041373252868652
1.8908660411834717
0.018076973035931587
0.02414042316377163
0.0
0.016985217109322548
0.0
0.0
0.7109271883964539
22.861026763916016
97.61620330810547
6.0406317710876465
24.227970123291016
8.813252449035645
-0.04616360738873482
0.0
0.0
0.0021835053339600563
0.0
-0.0049716997891664505
0.0010917526669800282
0.015185401774942875
4.877147674560547
0.03198430687189102
0.16622667014598846
6.21719217300415
3.1456961631774902
-1.5237984657287598
-0.7400424480438232
-0.21584482491016388
20.065208435058594
34.35363006591797
18.204439163208008
3.4183268547058105
0.4985113739967346
-0.027485057711601257
-0.016218218952417374
0.0
0.0
0.0
0.0
-0.17338350415229797
5.343346118927002
-0.01069783978164196
0.0
0.0
5.864824295043945
1.899067997932434
19.197099685668945
-0.22008180618286133
0.0015289681032299995
0.275359183549881
0.36124488711357117
0.0
0.0
17.69390106201172
1.7200011014938354
0.0
3.0754151521250606E-4
-1.9486593008041382
-2.5380749702453613
-7.670615196228027
22.49336814880371
0.0
0.0
0.0
2.0671792030334473
5.997267246246338
-0.036893170326948166
0.35307610034942627
-0.010706767439842224
0.0
0.0
0.0
-0.36041247844696045
2.3213086128234863
0.07224898785352707
0.13756096363067627
6.637072563171387
0.028062228113412857
-0.027694199234247208
-2.544065237045288
10.563435554504395
0.0
0.09149705618619919
0.0
0.0
4.251917362213135
4.947852611541748
1.88016939163208
-0.016218218952417374
-8.288615226745605
15.219474792480469
0.2889959514141083
-0.1240488812327385
0.5838805437088013
0.8918861150741577
0.0
0.0030754145700484514
0.0
0.0
0.0
0.20869675278663635
0.8677325248718262
0.0
0.0012301660608500242
0.4578816592693329
-5.061011761426926E-4
6.14023494720459
29.98013687133789
0.08418669551610947
0.056124456226825714
0.22449782490730286
1.4698102474212646
3.268609046936035
0.0
0.0
0.0
0.056124456226825714
1.3909008502960205
0.0
0.0
0.0
0.03352201357483864
-3.424582004547119
32.386436462402344
20.924734115600586
28.299434661865234
0.10031121969223022
0.0
0.0
0.0
17.02533531188965
6.474928379058838
7.331521987915039
5.2403035163879395
25.354442596435547
5.9500226974487305
0.0
0.0
0.005821845028549433
0.0
31.789552688598633
13.90121841430664
8.821806907653809
0.0
0.0
7.432053565979004
2.5536630153656006
0.14449797570705414
0.0
-0.15926876664161682
0.854443371295929
0.6892206072807312
0.0
-4.273339748382568
25.16695213317871
26.875513076782227
11.969256401062012
0.0
0.23852723836898804
-4.254177093505859
0.27210938930511475
6.114240646362305
0.0
0.0
0.0
0.0
-0.41046079993247986
0.0
0.2167469561100006
-1.5370943546295166
40.16114044189453
10.659372329711914
7.8881049156188965
0.012183086946606636
0.0
0.0
0.0
-1.2578710317611694
33.86982727050781
6.945497989654541
0.08539172261953354
0.015249508433043957
0.0
0.0
1.044952154159546
13.650734901428223
1.706107497215271
16.18377685546875
0.0
0.0
7.938880007714033E-4
2.7058510780334473
-1.2682613134384155
7.209192752838135
-0.7474268078804016
30.840442657470703
7.643603801727295
-0.0054060728289186954
1.425309181213379
0.0
0.0
0.0
0.2974297106266022
18.50943374633789
8.6738920211792
3.4797163009643555
0.0
0.14031115174293518
9.007292747497559
3.178396224975586
0.0
-9.172685677185655E-4
3.0417351722717285
0.2786044776439667
-0.4403451085090637
11.713136672973633
4.08411979675293
57.55607986450195
14.014434814453125
4.546313285827637
59.66034698486328
27.402711868286133
29.533451080322266
0.03307865932583809
0.1540142446756363
-0.15434831380844116
2.9557089805603027
-2.570122241973877
23.537200927734375
24.807493209838867
-1.5642610788345337
0.4154451787471771
-1.3525563478469849
18.449813842773438
-1.9918780326843262
2.868764877319336
2.5107085704803467
-0.004717940930277109
9.246356964111328
4.6542558670043945
-0.7521607279777527
2.810263156890869
1.4224145412445068
49.53696823120117
3.736294984817505
7.032022476196289
9.272735595703125
0.20032888650894165
0.0
-0.007288882043212652
5.405488967895508
3.9413421154022217
5.474175930023193
-0.010117745958268642
2.323887348175049
0.06642895191907883
-0.026669442653656006
8.403979301452637
13.342296600341797
17.6148738861084
53.00251007080078
0.05041882023215294
0.4147932827472687
0.3184651732444763
24.006847381591797
3.1868131160736084
1.7002480030059814
0.0
4.58560848236084
0.7723196744918823
0.08005812019109726
5.649825572967529
0.09644783288240433
-0.0121687650680542
0.0010917526669800282
0.0
-0.006105309817939997
0.0075501250103116035
0.04374362528324127
3.0754151521250606E-4
-0.9231794476509094
6.774933338165283
7.328173637390137
2.346338987350464
0.0010917526669800282
0.0010917526669800282
-0.012482982128858566
-0.011511381715536118
12.833852767944336
19.84480094909668
0.011141759343445301
-1.853171706199646
-0.229167640209198
37.5361328125
22.66844367980957
0.0035520840901881456
0.21945707499980927
0.049245502799749374
1.4304159879684448
0.06284643709659576
54.5166015625
2.8015875816345215
-4.21650505065918
33.91630172729492
13.469419479370117
1.2137278318405151
0.06954595446586609
10.671930313110352
6.7577433586120605
7.479754447937012
2.7293248176574707
0.0
-0.005013559479266405
0.0
0.0010917526669800282
0.006458372343331575
0.2565293610095978
-0.018052509054541588
0.4174385964870453
14.119844436645508
0.0021835053339600563
0.0021835053339600563
0.0010917526669800282
0.0010917526669800282
0.0
0.23358753323554993
-2.674389600753784
-5.6189117431640625
-0.7466551065444946
-1.2011300325393677
-4.860050201416016
-1.7888039350509644
-4.82687520980835
7.148591995239258
0.0
1.7906004190444946
0.6599013209342957
-0.5660651326179504
0.004920664243400097
0.17652881145477295
-0.17732591927051544
5.627648830413818
0.16393044590950012
8.604385375976562
15.647241592407227
2.57635498046875
0.1833592653274536
-0.008851645514369011
-0.001552762114442885
-0.023211371153593063
-0.0173643808811903
0.0
0.0
0.0
-0.5062524080276489
8.83804988861084
28.11712074279785
132.49330139160156
6.721588134765625
0.015249508433043957
7.1977009773254395
14.059350967407227
0.0010917526669800282
-0.003921804949641228
-0.00802083034068346
5.660983085632324
0.6254795789718628
0.0021835053339600563
-0.006624842993915081
29.9808349609375
40.729400634765625
0.0
2.396941661834717
0.055782534182071686
0.0021835053339600563
0.0010917526669800282
0.0
0.0
0.2459009438753128
0.02213663049042225
1.3514972925186157
57.22653579711914
-1.3952171802520752
3.661041259765625
0.006271766033023596
4.924324035644531
0.29117944836616516
-0.1908307671546936
-0.25975754857063293
-0.6455156207084656
0.0
0.0
0.0
0.0
-0.3843826949596405
-1.1164124011993408
-0.1604350060224533
2.261984348297119
7.977175712585449
0.4579921364784241
0.0
0.0
-0.10210569202899933
-4.560801029205322
25.694805145263672
12.842244148254395
-0.08077111095190048
0.0010917526669800282
0.16837339103221893
11.415397644042969
2.6735317707061768
15.126996040344238
9.087505340576172
-0.12004514783620834
0.0015377072850242257
-0.20998337864875793
-0.37229305505752563
0.030708523467183113
0.028062228113412857
0.0
0.0
-0.00205287616699934
0.0012301660608500242
0.01722978800535202
-0.1201234981417656
-0.15969368815422058
0.033508818596601486
-2.1145617961883545
17.75116539001465
-0.05213691294193268
44.391807556152344
35.481529235839844
46.50453186035156
54.846282958984375
6.150830304250121E-4
0.0
19.31574058532715
5.129291534423828
-0.006105309817939997
0.0
0.0
0.0
-0.014891904778778553
-0.12168008834123611
4.408483505249023
-0.678949236869812
0.35461607575416565
16.089248657226562
0.8113402724266052
-1.749934196472168
2.333447217941284
7.117752552032471
22.374555587768555
0.025092942640185356
8.758514404296875
10.543947219848633
5.535726070404053
0.0
0.0021835053339600563
0.0
6.9642014503479
0.14847852289676666
-0.009465985000133514
0.0
0.08418669551610947
0.0677860900759697
-0.17963069677352905
-0.23474279046058655
27.895299911499023
9.931655883789062
8.814984321594238
47.066917419433594
14.0366849899292
10.359569549560547
-0.3162132203578949
0.25924164056777954
0.36480897665023804
0.0
0.0
0.27412813901901245
9.929973602294922
8.128923416137695
-0.014372971840202808
0.0
45.97785568237305
1.501846432685852
0.0
0.0
-2.750020742416382
26.462242126464844
-0.2535732686519623
0.0
0.0
0.0
-2.1974692344665527
36.673072814941406
20.90339469909668
0.5612446069717407
0.0
0.0
0.0
0.0
0.0
0.0
0.0
18.340984344482422
13.448847770690918
0.08662347495555878
6.150830304250121E-4
0.0
0.0
40.4528923034668
2.886702537536621
0.0
0.0
0.022142982110381126
-0.024253813549876213
3.1379120349884033
0.0
8.664713859558105
5.129677772521973
0.0
0.0
-0.35915231704711914
0.0788511112332344
15.508766174316406
13.428707122802734
1.4518080949783325
8.836695671081543
25.81635856628418
16.125179290771484
1.7797428369522095
0.44961076974868774
29.770753860473633
0.16035723686218262
9.237763404846191
5.8491339683532715
0.4571773409843445
0.0
0.0030754145700484514
-0.6184722185134888
0.006765912286937237
-5.814298629760742
10.281464576721191
0.1964356005191803
0.0
0.0
0.03259938955307007
4.26965856552124
0.3083745837211609
4.721443176269531
5.880362510681152
0.0
0.0
0.15756124258041382
0.0
-0.046684637665748596
0.3147166073322296
0.7983516454696655
0.1964356005191803
0.17066730558872223
7.042855739593506
18.20698356628418
24.83612823486328
10.656585693359375
16.205429077148438
0.9102746844291687
0.0
0.0
0.0
0.0
24.844945907592773
13.788238525390625
29.38253402709961
13.177691459655762
-4.072852611541748
0.0
0.0
-0.5671947598457336
18.988685607910156
2.564549207687378
0.07878062129020691
-0.00821150466799736
22.62145233154297
0.0
0.01659172773361206
1.1808910369873047
8.07361125946045
1.5866440534591675
3.018073320388794
0.351092666387558
-1.390669584274292
24.779109954833984
27.8691463470459
3.226083755493164
4.675791263580322
1.4130293130874634
-0.15941430628299713
0.0
0.0
1.3004816770553589
0.04182814806699753
14.619414329528809
2.0058906078338623
4.075271129608154
0.363267183303833
0.0015377072850242257
0.0
0.0
0.0
1.8267308473587036
0.45924487709999084
0.1431640386581421
0.15809503197669983
33.90337371826172
0.13424769043922424
0.11224891245365143
0.0
0.6156092882156372
18.684064865112305
0.37251874804496765
0.5051201581954956
-0.019488435238599777
-0.5941312313079834
7.956202507019043
-0.6498932838439941
-0.012210619635879993
0.14449797570705414
0.0
0.0
0.0
0.056124456226825714
-0.3708937466144562
12.301675796508789
11.956567764282227
-2.1340489387512207
18.731740951538086
0.0
2.2731316089630127
2.7676167488098145
0.13167203962802887
0.005511460825800896
0.13782401382923126
7.17703104019165
19.450897216796875
0.08880511671304703
-0.017182322219014168
-0.15677613019943237
-0.7632735371589661
2.7936761379241943
-1.367251992225647
40.786983489990234
0.6991647481918335
0.0
10.031095504760742
50.97282791137695
28.551557540893555
1.8959146738052368
-0.18738530576229095
-0.005013559479266405
-0.003921804949641228
0.0021835053339600563
-0.005013559479266405
0.0
-0.05296897143125534
-0.011646663770079613
-0.0035247537307441235
-0.0026074855122715235
0.058307964354753494
0.0010917526669800282
0.0
0.21529074013233185
0.0
0.0
-0.569416344165802
0.0
-0.8896665573120117
-0.044066861271858215
-0.001611282816156745
-0.007666755001991987
-3.4946835041046143
31.823965072631836
2.2885260581970215
0.0
0.027293821796774864
-0.011035153642296791
11.961435317993164
13.862944602966309
0.2953898012638092
3.879214286804199
14.342432022094727
-1.4874476194381714
-7.146236896514893
12.33800983428955
0.0
0.0157297495752573
0.0
6.651139736175537
0.36821967363357544
0.0027985884808003902
0.0
0.0
-0.18818587064743042
-1.0814270973205566
12.670378684997559
0.9361446499824524
0.15084141492843628
0.5725169777870178
0.19142204523086548
-0.07189534604549408
15.710381507873535
27.144025802612305
12.013219833374023
0.12598073482513428
-0.0034516993910074234
-0.16374187171459198
6.328784942626953
4.300469398498535
-0.0089353546500206
-0.005013559479266405
0.0023628270719200373
-2.862823009490967
1.800732970237732
0.0
0.05006100982427597
0.0
0.0
0.0
0.0010917526669800282
0.0010917526669800282
0.0010917526669800282
0.0
-0.0035663496237248182
-0.40150564908981323
-0.7996894121170044
6.056735515594482
3.007171154022217
-0.021802157163619995
0.0031061293557286263
-0.007420976180583239
-1.9210036993026733
-2.444694995880127
-2.1134700775146484
11.365392684936523
5.539384365081787
2.7140095233917236
20.407928466796875
-0.031796567142009735
0.00523968692868948
-6.465449696406722E-4
0.0
6.544332027435303
0.6502408385276794
0.0
0.4334939122200012
0.0
-4.3697733879089355
8.54662799835205
0.6734935641288757
0.9135032892227173
9.226244874298573E-4
-2.165506362915039
46.806827545166016
21.642452239990234
-1.6214746236801147
-0.9221371412277222
10.085768699645996
0.0
0.36287176609039307
-0.6243729591369629
-0.014438332989811897
0.0
0.0020282543264329433
3.1960575580596924
0.0
0.0
0.0
0.0
0.0
-0.47733840346336365
14.27869701385498
63.89330291748047
-0.30114060640335083
-0.019713768735527992
7.2767486572265625
0.008734021335840225
9.814939498901367
9.309941291809082
10.429710388183594
0.045748528093099594
0.0
-0.010812145657837391
0.0
0.0
0.0
-6.115126889199018E-4
12.485236167907715
3.800400733947754
8.281973838806152
0.3692420423030853
0.0
0.0
2.1322779655456543
4.2930707931518555
0.2843155860900879
22.095600128173828
0.21397855877876282
21.768367767333984
0.0
3.7796506881713867
2.0691912174224854
0.4929491877555847
0.0
0.0
0.0
0.0
-0.26365625858306885
7.508830547332764
-1.3219307661056519
7.950970649719238
12.586874008178711
24.8892879486084
1.9190902709960938
13.420063018798828
2.441772937774658
0.0
0.0
-6.5444231033325195
5.543130397796631
25.234508514404297
23.32945442199707
106.59769439697266
26.545503616333008
1.6025787591934204
9.504842758178711
2.9069252014160156
0.0
0.0
26.123027801513672
14.573514938354492
0.6363485455513
-0.004567604046314955
27.874027252197266
7.821779251098633
0.0
1.6237001419067383
3.1244618892669678
0.056124456226825714
20.43330192565918
1.2006502151489258
1.9967459440231323
2.1772546768188477
0.21659457683563232
0.003038889728486538
0.0
-0.03646443411707878
4.891235828399658
25.971555709838867
7.469987869262695
10.705520629882812
1.9649786949157715
0.14449797570705414
0.0
-0.8789737820625305
-0.007338148541748524
0.0
-0.5223754644393921
1.453500509262085
-0.23577232658863068
14.689289093017578
2.014626979827881
0.14449797570705414
0.0
0.0
0.0
0.28708067536354065
3.7421326637268066
0.11419621855020523
1.4668335914611816
0.0
-0.5272483229637146
20.783946990966797
3.8874101638793945
0.7350767254829407
0.0
0.0
0.0
0.0
0.5068694949150085
-0.07746286690235138
19.61286163330078
19.427356719970703
0.06458653509616852
0.0
0.0
-1.202023983001709
2.689460277557373
0.2525600790977478
0.9392367005348206
4.943643569946289
32.43940734863281
37.32780075073242
5.310245037078857
0.0
0.0
-0.5051491856575012
12.17570686340332
16.061935424804688
3.441572666168213
23.47018051147461
-0.6931616067886353
-3.0373759269714355
0.9577847123146057
0.3316076993942261
24.40038299560547
4.501805782318115
2.928630828857422
11.290849685668945
0.10674656182527542
0.0
0.08418669551610947
0.056124456226825714
0.0
-0.16779029369354248
0.4383968710899353
-0.5204719305038452
28.319608688354492
0.6376932859420776
-1.320575475692749
6.047439098358154
0.8841572403907776
0.42039409279823303
-1.0477901697158813
1.033287525177002
0.03027579002082348
0.016550760716199875
0.0
0.280090868473053
0.0
-5.444657802581787
10.893624305725098
0.0
0.0
0.0
0.015162535011768341
13.791074752807617
2.4100799560546875
12.031977653503418
26.454898834228516
10.526403427124023
3.36852765083313
-3.4615437984466553
15.198280334472656
2.3153772354125977
0.9968098402023315
18.88863754272461
7.460241794586182
0.01462730672210455
2.447528600692749
4.727356910705566
0.0
-0.7607173323631287
0.029707031324505806
0.16124068200588226
2.304805278778076
5.735293388366699
3.5587432384490967
4.232109546661377
14.002760887145996
23.57404899597168
0.07409423589706421
-0.7310488820075989
0.5202860832214355
-1.525930643081665
1.2873014211654663
0.0
0.7881072163581848
3.871109962463379
0.0
1.4501599073410034
8.835602760314941
0.47705787420272827
0.2854424715042114
0.04605536162853241
6.416009902954102
0.0
0.0
0.028062228113412857
1.1707110404968262
2.701460838317871
0.0
-0.1027369350194931
0.41476118564605713
0.6994081735610962
-0.01753298006951809
-0.38596194982528687
0.0
0.0
0.0
0.0
0.0
0.0
0.6734935641288757
0.0
0.0
0.0
-0.029343459755182266
7.636019229888916
-0.1132199764251709
0.04405781626701355
19.302000045776367
1.6197235584259033
1.9654479026794434
6.487498760223389
0.14449797570705414
0.0
0.0
0.0
0.926053524017334
0.0
0.03210604935884476
0.0
0.1726205050945282
0.6082408428192139
0.0
0.0
6.20252799987793
0.0
-0.005797769408673048
-4.997953414916992
15.208128929138184
27.46164894104004
18.22585678100586
0.5963572859764099
0.0010917526669800282
0.0
1.9272713661193848
-0.011511381715536118
-0.006105309817939997
0.0
0.0
0.0
0.3143826127052307
0.3945294916629791
2.117938995361328
10.156919479370117
0.03166085481643677
4.535619258880615
20.130781173706055
0.8654388189315796
0.24690060317516327
0.004336295649409294
0.0
0.0
0.0010917526669800282
0.0010917526669800282
-0.005098531022667885
16.895328521728516
0.4506955146789551
-0.010073384270071983
-0.010377771221101284
0.04985162243247032
-0.010515708476305008
0.028062228113412857
16.579702377319336
15.149771690368652
0.3403482139110565
0.1421360969543457
0.04609734192490578
0.0024603321217000484
-0.2799195647239685
4.606400012969971
7.694262504577637
0.06099803373217583
-0.003921804949641228
0.22504281997680664
0.14449797570705414
-1.39548921585083
16.542312622070312
0.0010917526669800282
-0.005013559479266405
0.0010917526669800282
0.0010917526669800282
5.292585701681674E-4
0.030446598306298256
0.4964195787906647
20.55048370361328
9.615644454956055
1.8329216241836548
8.075813293457031
2.313039541244507
0.0
0.2977299690246582
0.0010917526669800282
35.51244354248047
35.299617767333984
0.13705584406852722
0.18619288504123688
-0.003921804949641228
0.0
9.799676895141602
2.1279001235961914
0.0
0.0
0.0
0.0
2.531128168106079
1.5303453207015991
0.0
0.0
6.305118083953857
32.00630187988281
-2.6688668727874756
0.21462321281433105
0.023065609857439995
4.363550186157227
16.663719177246094
21.609731674194336
37.781829833984375
37.45649719238281
2.179901361465454
0.0010917526669800282
0.0
0.0010917526669800282
0.0
0.0
1.193977952003479
22.32742691040039
32.52083969116211
0.5532952547073364
3.480175733566284
0.30683645606040955
0.0
-0.0054060728289186954
0.0
0.0
0.0
0.0
0.0
0.0
0.0
-1.1836739778518677
28.637088775634766
41.17064666748047
11.360937118530273
-1.1965067386627197
-0.010812145657837391
-0.43542951345443726
51.580711364746094
17.385347366333008
59.683692932128906
37.7206916809082
93.37791442871094
12.876206398010254
1.1320137977600098
0.028062228113412857
-0.039532773196697235
-0.3111726939678192
36.9394416809082
5.485572814941406
-0.03134468197822571
-0.0054060728289186954
0.0
17.515775680541992
7.5152106285095215
0.5331823825836182
3.0754151521250606E-4
18.669889450073242
87.19703674316406
9.832913398742676
0.0710044726729393
8.684684753417969
11.73189640045166
0.0
0.0
0.015377073548734188
6.690121650695801
0.15147437155246735
0.5093648433685303
0.0010917526669800282
0.0
0.07462543994188309
21.99877166748047
3.623096227645874
0.0
20.778697967529297
1.9490675926208496
0.5697763562202454
0.07905847579240799
0.36480897665023804
0.19580334424972534
0.0
29.20488929748535
-0.012210619635879993
-1.788278341293335
9.920156478881836
0.5147913694381714
3.7606706619262695
0.0
0.0
0.0
-0.03754987195134163
0.015377073548734188
0.0
-2.029188394546509
3.27197003364563
6.146601676940918
1.837963342666626
2.803683042526245
27.842220306396484
0.06457176804542542
0.31961482763290405
29.428930282592773
0.0
0.17488066852092743
64.24983215332031
1.4942057132720947
15.003241539001465
0.0
-5.540444850921631
-1.478525996208191
15.48381519317627
16.400434494018555
10.500815391540527
0.675516664981842
-0.6950368285179138
3.780726432800293
4.896291732788086
0.6202829480171204
6.581062316894531
6.006977081298828
-1.1579173803329468
4.215775489807129
-0.0819787010550499
18.749414443969727
0.040328945964574814
0.0
-2.084627151489258
-0.1708412617444992
6.910284042358398
0.5092230439186096
11.5755615234375
-2.3607723712921143
45.5841064453125
6.233250617980957
0.0
0.0
0.0
16.60736656188965
0.895050048828125
-0.3890903890132904
-0.02906707674264908
-2.266331195831299
6.705106258392334
0.019520295783877373
4.974603176116943
2.2251758575439453
1.915523886680603
-0.06912647932767868
0.07350769639015198
0.0
7.276240825653076
11.007609367370605
0.8299292325973511
0.0
0.0
11.853947639465332
39.20015335083008
36.28702163696289
15.726261138916016
0.30405718088150024
-1.5271888971328735
-0.015157889574766159
73.85980224609375
0.5198641419410706
8.338747024536133
9.797447204589844
0.0
-2.550398349761963
3.9153311252593994
4.178633213043213
-6.43686056137085
5.178283214569092
6.723475933074951
0.9802538752555847
1.109858751296997
25.255970001220703
8.305035591125488
0.9849545359611511
2.187300682067871
3.7844290733337402
5.57066535949707
41.112361907958984
-0.12479240447282791
4.318446159362793
18.12894058227539
-0.06664147973060608
0.07607419043779373
0.644985556602478
16.794132232666016
0.020913423970341682
56.3360595703125
12.39653491973877
0.07224898785352707
3.949152708053589
2.4342963695526123
0.08724594116210938
1.690316081047058
27.325098037719727
70.12152862548828
15.076641082763672
1.155983805656433
0.0
0.0
0.08300048112869263
0.3558560609817505
14.603283882141113
7.4855852127075195
5.417497158050537
0.0
0.0
-0.011312982067465782
0.0
0.0
0.0
7.324241638183594
1.6441439390182495
9.630305290222168
1.2628895044326782
5.0752668380737305
1.415610432624817
3.459420680999756
2.900205612182617
0.06507355719804764
0.02672755718231201
1.1919037103652954
0.09874055534601212
0.0010917526669800282
0.0
0.0516669787466526
0.10218959301710129
10.17802906036377
10.036473274230957
7.910860061645508
0.17516115307807922
3.275033950805664
17.756011962890625
9.720483779907227
8.148571968078613
3.2946889400482178
0.7604790329933167
7.999748706817627
0.015249508433043957
0.0
-0.19803732633590698
-1.0299662351608276
9.798300743103027
4.7988080978393555
2.867176055908203
3.6580371856689453
0.6148397922515869
1.6176989078521729
0.2167469561100006
-0.04865465313196182
0.0
0.0
0.0
-0.22062624990940094
0.710553765296936
0.0
0.0013992942404001951
-0.07936559617519379
-6.63385534286499
35.624874114990234
5.668429374694824
16.582088470458984
4.708031177520752
2.276859998703003
69.83051300048828
31.963346481323242
0.0021835053339600563
0.0021835053339600563
0.017433011904358864
-0.01002711895853281
0.0021835053339600563
0.007938878610730171
0.8077929019927979
5.382045269012451
0.21173341572284698
0.10938461869955063
29.76736068725586
7.477631092071533
2.1549322605133057
10.991519927978516
54.07041549682617
18.314422607421875
1.4571120738983154
0.0
-0.07413861900568008
0.3841000497341156
18.19706916809082
36.54515075683594
0.7820302844047546
1.0392292737960815
1.1737451553344727
0.43032306432724
0.07157523930072784
-2.177487850189209
-0.00875666830688715
-0.09792275726795197
2.658651828765869
0.5060797929763794
2.7666468620300293
10.785627365112305
0.6027979850769043
0.03024573065340519
0.0010917526669800282
1.727010726928711
5.250117778778076
0.45092689990997314
0.0032752619590610266
0.0032752619590610266
0.0010917526669800282
-0.14214380085468292
2.095292091369629
0.2406223565340042
-0.21550685167312622
-0.03405270725488663
0.0
-1.3126007318496704
12.259475708007812
48.6190071105957
7.179551601409912
35.475894927978516
0.0
0.03602787107229233
0.0010917526669800282
-0.01583472639322281
-3.098586320877075
-5.810484409332275
-1.4230492115020752
-0.0803707093000412
0.34088727831840515
0.0
-0.3875159025192261
0.029153982177376747
-0.00322256563231349
0.0032752619590610266
0.0
0.0
0.0018452489748597145
0.014486424624919891
-0.37575584650039673
13.868746757507324
-0.0030139994341880083
4.825926303863525
27.205297470092773
0.0021835053339600563
0.0021835053339600563
0.0032752619590610266
6.640827178955078
13.831888198852539
-1.965813159942627
22.870817184448242
-0.46920838952064514
39.0207405090332
13.954898834228516
0.28720226883888245
2.483804941177368
10.198923110961914
0.0010917526669800282
-0.05855241045355797
-0.0648728758096695
0.0021835053339600563
-1.1550664901733398
37.4747314453125
0.0
2.3077807426452637
-0.02550802193582058
12.935463905334473
3.2866320610046387
0.0010917526669800282
0.0
0.17368866503238678
0.0
0.0
0.0013231465127319098
15.540650367736816
0.9417065978050232
0.3750976026058197
0.026786793023347855
0.0
0.0
0.0
-0.007209034636616707
0.0021835053339600563
0.0021835053339600563
0.056124456226825714
0.0
-0.8179885149002075
-1.1376785039901733
-1.6792067289352417
-2.7943739891052246
-1.6210542917251587
0.08531135320663452
0.1970166265964508
0.036254070699214935
-1.672187089920044
5.704066276550293
-2.7516541481018066
0.608085572719574
0.0
-0.0054060728289186954
3.0754151521250606E-4
0.0
0.0
0.538236141204834
15.898179054260254
18.207578659057617
-4.027856349945068
-0.20724435150623322
0.0
0.014008493162691593
0.0
0.0
0.10173389315605164
12.888473510742188
77.80571746826172
12.639196395874023
25.631452560424805
-0.09048790484666824
0.0
1.7959825992584229
2.4487788677215576
4.1891961097717285
0.0
0.0
4.718941688537598
0.4679914712905884
0.017029890790581703
1.6577409505844116
0.0
15.397420883178711
10.3963041305542
5.736147403717041
0.18362289667129517
0.0
0.0
0.0
-0.12507264316082
7.730493068695068
0.34016889333724976
4.812206268310547
1.6477856636047363
0.0010917526669800282
0.0
0.0
0.007423194590955973
18.01395034790039
0.5493068695068359
9.790766716003418
0.5813676714897156
-0.22183680534362793
0.0
0.004234068561345339
19.46629524230957
3.197551965713501
-0.037842508405447006
0.0
0.0
0.0
-0.5405505895614624
20.483211517333984
0.0
0.0
0.060460105538368225
10.758705139160156
0.0
0.0
0.0
0.0
3.7863008975982666
17.62158203125
7.141002655029297
6.2144856452941895
0.0
0.15726789832115173
0.03733139857649803
20.765005111694336
3.3193554878234863
-0.8084402680397034
14.94670295715332
1.2064166069030762
-0.006105309817939997
0.023373154923319817
18.989763259887695
61.010494232177734
0.0
1.301573395729065
7.258347034454346
-0.3530886769294739
2.829718589782715
1.6620177030563354
0.1914442926645279
1.1441209316253662
-1.0154211521148682
0.0
-0.5628181099891663
-0.12845297157764435
10.19733715057373
3.8284082412719727
0.0
0.0
3.936279535293579
0.5331823825836182
-0.010812145657837391
16.352197647094727
27.781892776489258
5.161015033721924
3.665436029434204
0.5907322764396667
-2.3994967937469482
6.206827640533447
0.0
0.0
0.11224891245365143
1.1505513191223145
0.9412406086921692
0.015590197406709194
-0.32924067974090576
6.381882190704346
6.652302265167236
1.0258275270462036
1.4484219551086426
11.20872974395752
0.46032431721687317
-0.8814355134963989
2.7404942512512207
0.45152926445007324
3.875636577606201
14.335516929626465
0.026605257764458656
3.6669397354125977
31.814289093017578
0.5818945169448853
1.4441708326339722
59.58554458618164
2.822587490081787
0.9957435727119446
22.73761749267578
12.350066184997559
0.2619275748729706
0.2939060628414154
24.32266616821289
3.5425617694854736
4.556525230407715
16.156984329223633
7.366205215454102
0.10305198282003403
-1.6415873765945435
13.060157775878906
0.0
9.56127643585205
12.977478981018066
10.249964714050293
6.710254192352295
15.444711685180664
10.424173355102539
15.50326919555664
0.8979073166847229
9.177389144897461
35.45119857788086
7.550009727478027
1.294478416442871
8.867664337158203
8.128817558288574
0.5372161269187927
0.05895468592643738
7.937020778656006
1.7726751565933228
13.231977462768555
6.3243279457092285
8.395220756530762
9.125757217407227
32.848350524902344
24.57993507385254
1.0267353057861328
0.02401859126985073
0.0
0.0
0.0
0.08418669551610947
0.28974059224128723
0.0
0.0
2.181102991104126
-3.705200672149658
-1.7720080614089966
4.460669040679932
7.343871593475342
0.11468571424484253
0.0
0.0
0.0
-4.04080057144165
5.143263339996338
0.0
0.0
0.0
0.0
-3.400686025619507
46.309059143066406
55.009674072265625
61.925010681152344
18.206241607666016
28.029407501220703
2.9368338584899902
1.1718974113464355
-2.7203235626220703
4.9915876388549805
0.5359162092208862
0.04083993658423424
7.436428546905518
-0.04164543002843857
0.0
0.0010917526669800282
4.641752243041992
-0.01827407442033291
2.4528913497924805
-0.004314320627599955
-0.08363035321235657
-2.3258039951324463
27.0666446685791
0.4901922345161438
1.4100114107131958
26.762483596801758
1.162068486213684
9.933708190917969
6.873664379119873
0.0032752619590610266
34.33656311035156
2.6121506690979004
0.0021835053339600563
-0.00322256563231349
0.0021835053339600563
0.0021835053339600563
0.002014377387240529
0.014500332064926624
1.2465121746063232
-1.2332804203033447
0.6514558792114258
0.2243703305721283
-0.01002711895853281
0.0021835053339600563
0.0021835053339600563
-0.0030139994341880083
1.261826753616333
-0.17722396552562714
13.270737648010254
15.806921005249023
-0.016524942591786385
0.6101280450820923
32.73995590209961
4.143978595733643
0.660428524017334
-0.1840226948261261
0.814087986946106
2.092125654220581
0.0010917526669800282
0.0
6.578284740447998
0.0894012451171875
-2.218005418777466
0.01683920808136463
1.1199663877487183
0.023133592680096626
0.0010917526669800282
0.0021835053339600563
0.0
-0.2843382954597473
-0.015433189459145069
0.042994510382413864
4.486175060272217
0.0010917526669800282
0.0010917526669800282
31.456485748291016
21.37744903564453
0.0021835053339600563
0.0032752619590610266
0.0010917526669800282
0.0021835053339600563
-0.005985157564282417
0.0
0.0
0.0
-3.039285659790039
4.700873851776123
-0.5956147909164429
3.471745252609253
41.25658416748047
4.525050640106201
0.8713276386260986
9.506863594055176
38.99315643310547
23.370325088500977
2.0032782554626465
-0.03243643790483475
0.44531020522117615
3.713829517364502
13.226579666137695
5.6704421043396
3.0024776458740234
0.0021835053339600563
0.0021835053339600563
0.0021835053339600563
0.0021835053339600563
0.0010917526669800282
0.0021835053339600563
0.001706835813820362
2.6763854026794434
0.14249464869499207
21.968812942504883
15.99089241027832
6.216610908508301
0.14298050105571747
30.982839584350586
48.22780227661133
5.269490718841553
14.795886993408203
87.94426727294922
1.2684552669525146
-0.005002978257834911
0.05281773582100868
3.0754151521250606E-4
-1.1750342845916748
0.04701823741197586
0.20364826917648315
4.628612518310547
33.865928649902344
0.11050452291965485
11.9331693649292
10.002381324768066
1.6981227397918701
1.0605989694595337
0.0
0.0
-0.4854916036128998
26.004491806030273
74.90400695800781
6.830143451690674
0.0
0.0
0.04690926894545555
0.9905776977539062
19.058271408081055
0.041609615087509155
-0.5393144488334656
-0.22314855456352234
7.661068916320801
20.170629501342773
-0.07027893513441086
-0.04865465313196182
11.420125007629395
11.239599227905273
7.376809597015381
5.91200590133667
-0.0035663496237248182
1.7535020112991333
52.59193801879883
51.05064010620117
5.492863655090332
0.0
0.0
0.0
0.0
-3.8408570289611816
23.65675926208496
0.07334073632955551
14.465813636779785
17.417390823364258
5.891221523284912
0.0021835053339600563
0.0010917526669800282
0.0
0.0
0.0
0.0074096196331083775
0.1500551998615265
1.1199921369552612
0.3432823121547699
22.281991958618164
1.2016681432724
0.0010917526669800282
3.368917465209961
16.95061492919922
0.2694920301437378
0.0
0.0010917526669800282
0.0
0.0
-0.24031873047351837
14.06291675567627
11.822884559631348
-0.007017358671873808
0.0
-2.9291698932647705
0.033574432134628296
0.0
-4.047905921936035
3.0919203758239746
7.302492618560791
0.0010917526669800282
0.056124456226825714
21.88922119140625
5.710853099822998
-0.00410575233399868
4.255733489990234
0.0
0.0
0.08418669551610947
0.46512019634246826
0.2525600790977478
0.0
0.018452491611242294
-1.242065191268921
54.81447219848633
15.060066223144531
2.868055582046509
0.0
1.1242965459823608
1.736047625541687
0.5893067717552185
0.0
0.0
0.0
0.0
0.0
0.23138248920440674
0.5727939605712891
0.0
0.3069470226764679
-2.8215465545654297
1.1933366060256958
0.005458768457174301
0.08746196329593658
1.026364803314209
2.2716267108917236
0.2889959514141083
0.0
0.0
0.0
0.029109222814440727
0.11003783345222473
24.11252212524414
5.212209701538086
0.0010917526669800282
0.0
0.0
0.4334939122200012
0.0
-0.14622031152248383
-0.3738655745983124
17.80907440185547
0.0
0.0
-0.04865465313196182
0.0
-1.808340072631836
3.891653537750244
5.3386030197143555
9.53508186340332
5.052022457122803
-0.003253282979130745
0.015377073548734188
0.6549546122550964
26.79001808166504
0.2766490578651428
-1.0326488018035889
8.898208618164062
2.6533498764038086
0.5943685173988342
0.0
0.03737356513738632
3.0754151521250606E-4
4.290270805358887
2.2898359298706055
8.169694900512695
6.049602031707764
0.5674947500228882
23.16094207763672
0.056124456226825714
0.0
6.80372953414917
22.331926345825195
7.857010841369629
0.2167469561100006
0.0
0.0
0.8418669104576111
9.428827285766602
0.0
0.4193359315395355
0.056124456226825714
4.0054426193237305
-0.3293221592903137
44.66640090942383
65.0605697631836
19.341630935668945
0.0
0.0
2.8158421516418457
2.6809635162353516
-0.055427685379981995
4.101364612579346
4.379504680633545
-0.8800596594810486
5.1707282066345215
10.355274200439453
1.0849335193634033
0.47434648871421814
0.08449424058198929
0.0
0.058071069419384
0.0
