6.478386878967285
1.1222503185272217
-0.0031611111480742693
11.524395942687988
26.37546157836914
0.07001097500324249
0.0
0.0
0.01821264438331127
24.576871871948242
0.34325110912323
54.772560119628906
34.40262222290039
4.378047466278076
3.5551257133483887
0.7922748327255249
5.793691158294678
12.503817558288574
0.05174398422241211
21.695049285888672
-0.006942563224583864
0.0
-0.19690360128879547
10.054844856262207
0.7724383473396301
3.0007457733154297
21.927038192749023
0.7669844031333923
0.08113983273506165
0.0
0.0
0.0
1.7945913076400757
7.690164566040039
0.0
0.0
0.032530177384614944
0.5242013931274414
23.086767196655273
2.7456247806549072
7.006171226501465
0.2803867757320404
1.0851157903671265
22.73937225341797
0.7860804200172424
0.31362393498420715
0.0
0.0
0.21943311393260956
1.3134011030197144
-0.031223738566040993
0.46499407291412354
0.0
0.0
18.500703811645508
15.697868347167969
0.0954204574227333
0.0
2.6681971549987793
18.951303482055664
5.0302581787109375
0.3508928120136261
0.0
2.3585469722747803
7.0940680503845215
8.88948917388916
0.4101167321205139
0.0
0.0
0.0
1.2912800312042236
-0.005795764736831188
4.501284599304199
-0.01759231463074684
4.00871467590332
12.903048515319824
16.457674026489258
3.536175489425659
0.02736252173781395
0.0
0.0
0.16213399171829224
29.742969512939453
0.01670187897980213
7.895858287811279
1.643617033958435
7.0536322593688965
-0.18536099791526794
6.90115213394165
2.198347806930542
24.75943374633789
0.21845588088035583
NaN
NaN
NaN
NaN
NaN
NaN
NaN
NaN
NaN
NaN
NaN
NaN
NaN
NaN
NaN
NaN
NaN
NaN
NaN
NaN
NaN
NaN
NaN
NaN
NaN
NaN
NaN
NaN
NaN
NaN
NaN
NaN
NaN
NaN
NaN
NaN
NaN
NaN
NaN
NaN
NaN
NaN
NaN
NaN
NaN
NaN
NaN
NaN
NaN
NaN
NaN
NaN
NaN
NaN
NaN
NaN
NaN
NaN
NaN
NaN
NaN
NaN
NaN
NaN
NaN
NaN
NaN
NaN
NaN
NaN
NaN
NaN
NaN
NaN
NaN
NaN
NaN
NaN
NaN
NaN
NaN
NaN
NaN
NaN
NaN
NaN
NaN
NaN
NaN
NaN
NaN
NaN
NaN
NaN
NaN
NaN
NaN
NaN
NaN
NaN
NaN
NaN
NaN
NaN
NaN
NaN
NaN
NaN
NaN
NaN
NaN
NaN
NaN
NaN
NaN
NaN
NaN
NaN
NaN
NaN
NaN
NaN
NaN
NaN
NaN
NaN
NaN
NaN
NaN
NaN
NaN
NaN
NaN
NaN
NaN
NaN
NaN
NaN
NaN
NaN
NaN
NaN
NaN
NaN
NaN
NaN
NaN
NaN
NaN
NaN
NaN
NaN
NaN
NaN
NaN
NaN
NaN
NaN
NaN
NaN
NaN
NaN
NaN
NaN
NaN
NaN
NaN
NaN
NaN
NaN
NaN
NaN
NaN
NaN
NaN
NaN
NaN
NaN
NaN
NaN
NaN
NaN
NaN
NaN
NaN
NaN
NaN
NaN
NaN
NaN
NaN
NaN
NaN
NaN
NaN
NaN
NaN
NaN
NaN
NaN
NaN
NaN
NaN
NaN
NaN
NaN
NaN
NaN
NaN
NaN
NaN
NaN
NaN
NaN
NaN
NaN
NaN
NaN
NaN
NaN
NaN
NaN
NaN
NaN
NaN
NaN
NaN
NaN
NaN
NaN
NaN
NaN
NaN
NaN
NaN
NaN
NaN
NaN
NaN
NaN
NaN
NaN
NaN
0.0
0.0
0.0
0.0
0.0
0.0
0.0
0.0
0.0
0.0
0.0
0.0
0.0
0.0
0.0
0.7393946051597595
0.3001953959465027
0.0
0.0
0.019903725013136864
-0.003471281612291932
0.24225282669067383
8.984575271606445
0.0
0.017935892567038536
25.1619873046875
0.0
14.728837966918945
0.0
30.62872314453125
96.9013900756836
9.609909057617188
4.851321220397949
1.9540550708770752
3.626664876937866
0.3668435513973236
0.03329857438802719
0.0
1.3175604343414307
-6.146548548713326E-5
2.5242287665605545E-4
0.0
0.01219072937965393
0.2736252248287201
0.0
17.89797592163086
7.540772438049316
2.9528300762176514
0.0502091720700264
0.1094500869512558
0.03520882874727249
4.593771457672119
0.0
0.0
0.0
-0.03612697497010231
-0.036532968282699585
-0.0789807066321373
0.16351225972175598
5.414029598236084
0.8797276616096497
0.0
0.13415896892547607
0.35977888107299805
0.0
0.31830838322639465
0.0
-0.7773487567901611
14.962472915649414
0.19706954061985016
0.01734669879078865
0.11133521795272827
0.0547250434756279
0.0
6.937508583068848
0.12181196361780167
0.0
0.02438145875930786
0.0
0.0
0.0
-0.09078270196914673
13.770647048950195
0.0
-0.6720340847969055
8.620918273925781
15.28341293334961
54.044776916503906
40.8238639831543
9.861577033996582
7.5134077072143555
-0.3460434079170227
2.191965103149414
0.0
1.9760334491729736
24.144718170166016
9.902503967285156
0.32944220304489136
-0.009031743742525578
0.2747749984264374
1.6417512893676758
0.2985396385192871
9.246329307556152
3.7554659843444824
3.4715394973754883
4.755280494689941
-0.006632393691688776
-0.08678203821182251
-0.00987121183425188
0.0
0.0
13.135480880737305
0.0
0.0
0.0
0.0
0.0
0.0
0.0
11.097066879272461
0.0
-9.031743393279612E-4
17.553159713745117
-0.01390159409493208
3.6773524284362793
-0.05941953510046005
-0.3484245240688324
12.8112154006958
6.753274917602539
-0.025231609120965004
0.0
0.21784716844558716
13.42242431640625
0.28756630420684814
3.5787672996520996
2.2621958255767822
10.111660957336426
0.889036238193512
0.9254265427589417
0.16274721920490265
0.0
0.0
-0.38414618372917175
1.5011053085327148
10.16190242767334
0.7542009949684143
28.751028060913086
1.495127558708191
11.683350563049316
10.149599075317383
0.0
0.0050484598614275455
-1.6761515140533447
13.809589385986328
0.0
0.17221690714359283
0.0
0.0
0.18941743671894073
7.126565933227539
6.466223239898682
11.35900592803955
3.4817769527435303
2.3285787105560303
-0.31874677538871765
15.737964630126953
25.459640502929688
1.412947177886963
-0.003875012043863535
0.6460341215133667
0.23340076208114624
0.40763309597969055
1.9208707809448242
5.226629734039307
5.469249248504639
4.485597133636475
1.724494218826294
0.0
0.0
0.0
0.0
-0.07963862270116806
16.368330001831055
0.0
0.4952019155025482
9.837381362915039
15.702799797058105
5.400384426116943
0.05421078950166702
2.3185276985168457
0.06388712674379349
-0.2718619108200073
4.075738906860352
13.590235710144043
8.66551399230957
1.392306923866272
-0.08678203821182251
-0.5286011695861816
4.612432956695557
7.149533748626709
7.087892055511475
4.404327392578125
3.2302262783050537
-0.006439738441258669
-2.146579063264653E-4
0.2560214400291443
19.294055938720703
4.448527812957764
8.136712074279785
-0.017165832221508026
-0.18272481858730316
14.382062911987305
11.882253646850586
0.05573473870754242
0.0
3.740208048839122E-4
0.04854825884103775
0.0
0.16584990918636322
0.7951167821884155
0.0050484598614275455
0.3878464698791504
3.3812777996063232
7.922004222869873
2.972398042678833
9.501790046691895
0.20001906156539917
0.09492304176092148
3.1072936058044434
5.806081771850586
3.3493103981018066
14.273760795593262
22.13129425048828
9.729875018820167E-4
-1.0563082695007324
-0.8502894043922424
0.34075164794921875
1.7320410013198853
21.8438720703125
7.868286920711398E-4
-0.011443929746747017
20.98404884338379
0.5667501091957092
3.740208048839122E-4
0.011936968192458153
0.06929636001586914
0.0012384161818772554
4.050362586975098
7.649387836456299
4.05949068069458
0.058976076543331146
0.014168609865009785
-9.031743393279612E-4
-0.04064285382628441
-0.04967460408806801
0.0
-0.12641428411006927
62.755062103271484
0.038049012422561646
5.266860008239746
3.358332633972168
17.583600997924805
-0.0013911398127675056
1.710057258605957
0.018008286133408546
0.0
0.0816359743475914
0.0
0.0
-0.14238841831684113
-0.43289950489997864
10.444937705993652
9.2151517868042
0.0
-0.40726038813591003
6.794304370880127
4.703751087188721
-0.10386509448289871
0.7408150434494019
21.830921173095703
31.370820999145508
25.783767700195312
28.673452377319336
5.607247352600098
48.61115646362305
15.7596435546875
16.169721603393555
7.572696194984019E-4
5.476515769958496
0.7719424366950989
11.56419849395752
0.49316534399986267
0.018765555694699287
0.5081595182418823
0.47372129559516907
0.02736252173781395
0.0
0.0
-0.007471717894077301
0.01239541545510292
0.0
0.0
16.35361671447754
11.076515197753906
43.77674865722656
-0.006141693331301212
0.01173914223909378
-0.016713855788111687
-0.7068113684654236
15.3973388671875
9.804311752319336
0.037566810846328735
0.0
0.034028973430395126
0.037314385175704956
0.0
0.02761494554579258
0.05497746914625168
2.5242287665605545E-4
-2.741283387877047E-4
0.03657218813896179
0.0
-0.012450160458683968
4.315435886383057
3.7170417308807373
2.1002037525177
-0.04748885706067085
4.934765815734863
15.193866729736328
45.89275360107422
0.5343876481056213
-0.003922868520021439
-0.03359537199139595
10.607255935668945
0.8078562617301941
0.18816682696342468
27.917083740234375
1.9088292121887207
-0.009179805405437946
1.588625431060791
0.21178942918777466
-0.5295937061309814
24.640491485595703
3.376555919647217
2.5242287665605545E-4
0.0
1.5187506675720215
9.881327629089355
0.5438801646232605
0.478627473115921
0.021471375599503517
-0.0048260437324643135
-0.05073753744363785
-0.6010340452194214
35.49505615234375
22.08817481994629
10.43449592590332
22.601221084594727
2.979980945587158
0.0
0.0
0.0
2.345095157623291
5.64491605758667
0.08208756893873215
0.02736252173781395
1.152773380279541
0.0547250434756279
0.0
0.0
9.464323997497559
37.774497985839844
0.0
0.0
0.0
5.30926513671875
25.62679100036621
7.980121612548828
1.1977214813232422
0.0
0.5099172592163086
13.286283493041992
9.877177238464355
8.91489028930664
25.13983154296875
0.05283036082983017
0.0
-4.515871696639806E-4
0.0
0.0
-4.515871696639806E-4
0.0
0.0
-0.08792037516832352
26.62331771850586
24.742198944091797
3.740208048839122E-4
31.448652267456055
-9.127945522777736E-4
3.527531862258911
25.72719383239746
-0.8949719667434692
13.530789375305176
9.905920028686523
19.47502326965332
3.4737930297851562
7.956774711608887
-2.20167770748958E-4
0.03634890913963318
0.5395866632461548
0.9195597171783447
21.996992111206055
0.4148351550102234
0.4269486367702484
9.518904685974121
16.52407455444336
8.494118690490723
0.0
3.212064504623413
39.433406829833984
10.960612297058105
0.5203377604484558
0.33841225504875183
0.22518539428710938
8.97909927368164
20.248046875
21.434406280517578
0.6995013356208801
0.0
19.089698791503906
5.347041130065918
0.4253983199596405
0.1584794819355011
0.02438145875930786
-0.003184207947924733
54.55131149291992
3.606265068054199
-9.031743393279612E-4
0.0
0.0
-0.012658343650400639
0.28284555673599243
3.478318214416504
7.185219764709473
16.746538162231445
1.7162880897521973
13.804950714111328
0.6334934830665588
0.004543613642454147
0.0
3.770364284515381
7.3480753898620605
0.06322397291660309
9.330615043640137
10.071878433227539
9.062143325805664
1.2486546039581299
27.885177612304688
0.04127214476466179
0.03517843782901764
28.523082733154297
22.05251693725586
3.7837910652160645
17.962366104125977
0.0
0.04741043597459793
-0.1145552322268486
3.727294921875
0.08305571228265762
0.0
12.085808753967285
2.3874459266662598
0.8088083863258362
0.0
-4.515871696639806E-4
21.097200393676758
6.599107265472412
0.3534201979637146
6.413620948791504
41.237098693847656
5.527105331420898
0.0
0.0
0.0
-0.016313999891281128
-0.03973968327045441
7.719588279724121
12.386101722717285
2.775441389530897E-4
0.57353675365448
9.324762344360352
1.5318199396133423
-0.013999205082654953
0.0
0.0
3.9900479316711426
9.123431205749512
23.315105438232422
0.014452638104557991
0.0
3.8307533264160156
0.7433115839958191
1.0555317401885986
17.065792083740234
0.053228169679641724
0.1950516700744629
10.029169082641602
11.946486473083496
0.0
21.9145450592041
11.07626724243164
0.0
0.0
2.2639355659484863
0.03884114697575569
0.0
0.0
0.0
0.0
14.031594276428223
1.27525794506073
-0.04031570255756378
9.68493938446045
2.1805872917175293
6.942115783691406
15.204315185546875
10.586812973022461
16.477294921875
3.47088360786438
-0.8599627614021301
4.584728717803955
6.083337306976318
0.14531868696212769
0.05728529766201973
11.92223834991455
0.14429180324077606
0.018437204882502556
111.75162506103516
5.516576766967773
0.6995404362678528
-0.3323242962360382
7.697232723236084
11.6622896194458
14.84660816192627
0.009951862506568432
-0.5264721512794495
2.437476634979248
5.429993152618408
8.97192668914795
0.869077742099762
0.0
-0.105669766664505
11.340087890625
1.493467926979065
0.8181794881820679
10.1234769821167
9.435033798217773
12.780265808105469
10.700156211853027
0.15711365640163422
-0.2739201486110687
-0.6557562351226807
3.946165084838867
0.0
0.3748062252998352
0.006727529224008322
29.91109275817871
3.2473318576812744
0.02438145875930786
0.24336300790309906
1.5355803966522217
1.0451267957687378
0.33698368072509766
0.152994766831398
0.0
-0.14210093021392822
0.13043376803398132
0.6382089853286743
0.02736252173781395
0.5823415517807007
23.002277374267578
2.598388671875
0.3838716745376587
2.227693039458245E-4
2.5242287665605545E-4
0.0
2.1511261463165283
0.8033420443534851
-0.006322222296148539
0.0
0.022155597805976868
-9.031743393279612E-4
0.0
-0.006561684887856245
-0.08453908562660217
19.49735450744629
-0.008715641684830189
0.0
0.0
-0.005729218479245901
-0.07483266294002533
0.15383310616016388
6.90596866607666
0.5875272750854492
16.76570701599121
5.332435607910156
29.631446838378906
20.30994987487793
3.3070123195648193
8.716306183487177E-4
0.0012384161818772554
0.030333146452903748
1.513061761856079
5.191633224487305
1.709112524986267
0.07886870950460434
-0.00978054292500019
0.0
0.020007004961371422
-0.006942563224583864
0.17067022621631622
0.0
0.012443154118955135
-0.49117740988731384
-0.35331952571868896
-0.11257006973028183
-0.5050957202911377
-0.01841847039759159
-0.20070761442184448
34.66498565673828
3.0092451572418213
-0.0013547621201723814
0.0
0.0
2.5242287665605545E-4
2.5242287665605545E-4
2.5242287665605545E-4
0.0
0.9450051784515381
1.4477429389953613
36.71883010864258
13.946511268615723
4.089645862579346
6.801401615142822
0.1855064332485199
0.5117855668067932
0.9663229584693909
5.9789838790893555
17.000917434692383
0.46436119079589844
22.264802932739258
3.6050961017608643
0.02985559217631817
-0.04210720956325531
21.951427459716797
6.090638160705566
5.728389739990234
0.04093751683831215
-0.028130000457167625
3.9044458866119385
-0.05433638021349907
-0.026645056903362274
4.45538607891649E-4
-0.14077229797840118
-0.5099214315414429
-0.2172333300113678
-0.019543638452887535
0.0011368612758815289
0.021162603050470352
-0.0036704442463815212
-0.0011023386614397168
2.5242287665605545E-4
-0.06258560717105865
18.051748275756836
2.67112398147583
0.192170649766922
68.13849639892578
0.0
5.3259049309417605E-5
0.0
0.0
0.0
2.6314806938171387
21.342124938964844
0.35672250390052795
0.029144126921892166
2.5242287665605545E-4
0.0
0.1318899393081665
8.46627140045166
12.693930625915527
0.1110263243317604
-0.020730899646878242
0.8799909949302673
0.32153815031051636
0.1537570059299469
-0.004515871871262789
-0.10877285152673721
2.5242287665605545E-4
0.0018576249713078141
0.0012384161818772554
-0.007651913911104202
-0.01419876329600811
-0.33303964138031006
2.2382912635803223
0.026101427152752876
0.0
-0.23128104209899902
0.0
-0.004122030921280384
0.0
0.0
4.036468505859375
1.2907922267913818
11.031426429748535
5.048457533121109E-4
0.0
0.0
0.0
0.0
-0.01893378421664238
-0.7527004480361938
5.773419380187988
24.08516502380371
0.013845764100551605
4.45538607891649E-4
-0.016007041558623314
1.1228868961334229
4.071287155151367
1.4873254299163818
-0.14464476704597473
0.07985470443964005
0.0
0.0
-0.004352185409516096
-0.004515871871262789
0.0
11.51917552947998
4.447076797485352
14.843005180358887
1.2309439182281494
0.0
0.0
0.0
0.0
1.7401200532913208
0.27883443236351013
0.0
0.0
2.59525203704834
2.351708173751831
0.009091496467590332
0.8252361416816711
18.70526695251465
0.8662022948265076
0.522164523601532
0.6813873648643494
-0.07494419813156128
5.082519054412842
0.6340828537940979
0.0
-0.03253176063299179
0.3153211772441864
0.061006538569927216
8.794570922851562
16.479955673217773
6.112298965454102
0.0
38.60601043701172
1.9710750579833984
1.5298688411712646
0.03657218813896179
0.0
0.0
0.0
0.0
0.0
0.0
0.7836567163467407
2.3374736309051514
16.202716827392578
0.5371225476264954
0.0
0.0
17.699405670166016
80.40845489501953
0.37951982021331787
0.0
0.12190728634595871
1.5920689105987549
-0.009031743742525578
31.490638732910156
6.438971996307373
0.04876291751861572
0.41448482871055603
0.4741629958152771
10.87623405456543
4.473247051239014
1.824532389640808
0.0
0.0
-0.023738909512758255
-0.4974980056285858
20.482892990112305
3.486009359359741
0.0
3.1186330318450928
13.40205192565918
16.063129425048828
0.34670883417129517
0.0017650009831413627
0.0
0.0
0.0
22.3870792388916
5.8747382164001465
1.895729422569275
11.346673011779785
1.8988127708435059
-0.08331076800823212
0.0
-0.08417552709579468
0.0
6.85935840010643E-4
0.003777885576710105
17.37815284729004
-0.0022579359356313944
0.0
0.0
32.01935958862305
0.0
-1.0926671028137207
59.06317901611328
0.11554546654224396
7.448575973510742
39.13563919067383
38.89918899536133
0.07625845819711685
0.0
-0.0010246718302369118
0.36353012919425964
51.806941986083984
4.605326175689697
3.5725202560424805
0.0
0.0
0.0
0.0
0.14182361960411072
1.7062833309173584
12.614686965942383
30.180316925048828
4.084489345550537
0.0
0.0
0.0
0.0
0.0
1.0951381921768188
2.484376907348633
1.9712226390838623
0.06453133374452591
4.67936897277832
15.331717491149902
0.5977573394775391
7.803504943847656
3.329758405685425
0.5731704235076904
0.2316238284111023
-0.005206923000514507
-0.06577686220407486
0.3181779086589813
0.4843659996986389
3.9252424240112305
0.5825057029724121
10.426796913146973
19.74917984008789
0.05747401341795921
0.02736252173781395
0.11668266355991364
3.6986310482025146
6.3882856369018555
1.28684401512146
1.1866238117218018
3.8409383296966553
0.11274870485067368
6.367407321929932
25.320816040039062
6.251059532165527
1.0289326906204224
0.16468457877635956
0.06016285717487335
0.02438145875930786
4.370126247406006
0.10208691656589508
-2.146579063264653E-4
11.604423522949219
11.47648811340332
0.3192717134952545
-0.007104851771146059
-4.556796629913151E-4
0.0025242299307137728
0.18438562750816345
0.0
-0.0018063486786559224
-0.029862957075238228
-0.004967460408806801
0.0
0.04731103032827377
3.8791913986206055
0.3785358667373657
4.271719932556152
0.0
0.0
3.3536875247955322
0.0
0.0
0.0
-0.014293559826910496
0.23326393961906433
11.287189483642578
0.07314437627792358
0.0
0.10878664255142212
2.573807716369629
5.513002395629883
0.908244788646698
1.4351730346679688
-0.001981010427698493
1.2277270555496216
1.0677740573883057
30.219558715820312
2.264737606048584
0.050309617072343826
0.0
0.02736252173781395
0.0
0.0
1.3577500581741333
14.11316204071045
3.270437002182007
0.3283502757549286
1.4775762557983398
-0.02641744166612625
0.14106008410453796
4.229751110076904
2.0017213821411133
0.42639070749282837
-0.009163196198642254
2.2446415096055716E-4
-0.011410598643124104
3.1623806953430176
3.688164472579956
1.322338581085205
0.0635189563035965
0.0
0.01219072937965393
-0.08335689455270767
0.03562333434820175
0.026179837062954903
1.6938103437423706
36.722930908203125
0.3517608642578125
0.0
0.14166007936000824
23.847448348999023
0.13097234070301056
0.06805794686079025
5.048457533121109E-4
2.5242287665605545E-4
0.0012384161818772554
-4.515871696639806E-4
3.3849141597747803
12.54247760772705
0.0
0.0
31.954439163208008
26.618356704711914
4.936041831970215
7.552868366241455
45.12244415283203
1.4899709224700928
-0.0016943980008363724
0.0011737089371308684
5.274096965789795
1.9579179286956787
22.590593338012695
-0.9281458854675293
2.4090731143951416
0.034533821046352386
5.048457533121109E-4
2.5242287665605545E-4
0.0
-0.011839316226541996
0.014163956046104431
3.656491756439209
21.717397689819336
6.3839545249938965
13.722052574157715
0.6538998484611511
0.05497746914625168
2.5242287665605545E-4
-0.005206923000514507
-0.004702076781541109
0.19654250144958496
1.583633303642273
0.6511656641960144
0.8117425441741943
-0.0031360399443656206
-0.002599650528281927
-0.002966436557471752
0.10529400408267975
6.413028717041016
2.286172866821289
31.797107696533203
3.9162023067474365
0.7444286346435547
0.0
-0.005857675336301327
0.0
-0.053486455231904984
0.2520671784877777
2.5242287665605545E-4
-6.50751288048923E-4
-0.015178653411567211
0.24428410828113556
-0.029155805706977844
5.296055793762207
3.543527364730835
-0.039404403418302536
4.756498336791992
2.337637424468994
0.009065712802112103
-0.06738654524087906
2.260929584503174
14.391449928283691
5.741896629333496
15.225092887878418
0.0068154302425682545
-1.9916417659260333E-4
5.759461200796068E-4
16.69662094116211
0.07851465791463852
-0.009961203671991825
5.048457533121109E-4
0.0
0.6064454317092896
-0.5906068086624146
38.77695846557617
9.201228141784668
3.2720117568969727
-0.0025929114781320095
0.023928746581077576
0.2444452941417694
0.08533511310815811
0.0
0.0
0.0
0.02438145875930786
0.0
-0.003218857804313302
0.0
-0.16676676273345947
3.638235092163086
28.244922637939453
4.913129806518555
0.12609808146953583
0.0
0.0
0.0
-0.3873043358325958
13.846796035766602
0.3033810555934906
-0.003471281612291932
-4.515871696639806E-4
5.048457533121109E-4
0.0
0.0
0.0
0.0
-0.01118448469787836
-0.11086307466030121
1.8338406085968018
5.652435779571533
0.01669936068356037
1.819490671157837
3.0832111835479736
6.253843784332275
2.5242287665605545E-4
0.0
0.12944945693016052
0.5237469673156738
5.184613227844238
0.0
2.5242287665605545E-4
0.0
0.0
0.07659238576889038
1.6853991746902466
0.5317081809043884
0.0
0.0
0.0
-0.2602256238460541
-0.279195100069046
3.7255897521972656
13.77205753326416
14.887893676757812
19.571975708007812
19.88178062438965
17.969066619873047
0.020156148821115494
0.0
0.0
0.0
3.4317193031311035
23.12900161743164
9.127427101135254
21.419469833374023
13.048444747924805
-0.003471281612291932
0.0
3.527679443359375
12.86216926574707
12.849568367004395
-0.0013547621201723814
0.0
-0.006322222296148539
0.0
-0.006773809902369976
-0.03212527185678482
0.1438605785369873
0.0
0.0
0.015226950868964195
2.475189685821533
4.695934772491455
-0.009345578029751778
22.11652946472168
1.7815043926239014
0.0
-0.18462403118610382
58.01582717895508
0.0
14.060564041137695
0.0
0.0
0.0
-0.03624051809310913
14.545388221740723
10.596096992492676
8.434843063354492
3.5431528091430664
0.0
0.0
-0.025754695758223534
1.351585030555725
0.1361158937215805
0.0
-0.1613394320011139
15.5889253616333
-0.13694137334823608
23.689821243286133
0.0
0.0
0.36087098717689514
29.418014526367188
12.804405212402344
20.80255889892578
9.264446258544922
0.0
1.1791117191314697
0.049773067235946655
3.383617877960205
0.40031060576438904
0.0
0.0968799963593483
0.0
0.0
0.0
-0.001073290128260851
-0.0012227712431922555
8.969816207885742
0.4519801437854767
4.012465000152588
1.0788037776947021
0.0
0.0
0.23884473741054535
0.0
-0.006687399931252003
0.7404810786247253
17.735023498535156
23.041833877563477
4.931128978729248
2.2392630577087402
2.4729464054107666
1.1209684610366821
0.8411604166030884
0.08533511310815811
0.0
0.0
-0.2959100902080536
11.06494426727295
0.0
-0.05658240616321564
11.395618438720703
1.131636381149292
0.028319591656327248
0.43694356083869934
0.5057539343833923
0.8841251134872437
0.0
-0.0022579359356313944
0.0
-0.08252676576375961
-0.015353968366980553
4.863988876342773
0.0
0.0
1.18760347366333
2.061845302581787
1.2114009857177734
0.0
0.007572696078568697
0.09614784270524979
0.27199628949165344
20.396831512451172
0.09256158769130707
0.0
0.0
0.0
1.2563859224319458
12.888823509216309
0.0
0.0
0.0
-0.0035594399087131023
0.0
0.0
0.0
1.120580792427063
10.529622077941895
0.5635188817977905
0.0
0.0
0.288181871175766
4.9360032081604
-0.021676193922758102
0.27525582909584045
3.4047601222991943
2.8137824535369873
1.2081232070922852
0.0
0.2189001739025116
6.399272918701172
-6.439738208428025E-4
-0.02249644137918949
-0.17409123480319977
4.206333160400391
7.8568620681762695
1.824986457824707
1.877726435661316
1.7816218137741089
0.028494328260421753
0.0
5.6217169761657715
0.19504986703395844
2.5851128101348877
0.0
-4.515871696639806E-4
0.039184167981147766
0.0
8.745504379272461
18.99843406677246
4.513255596160889
2.233029365539551
3.127739429473877
0.02438145875930786
-0.010413846001029015
0.0
0.0
0.0
0.0
0.0
-0.023807967081665993
0.13415896892547607
0.1094500869512558
-0.002361237769946456
25.196199417114258
49.17227554321289
1.0453497171401978
1.1740049123764038
1.0813723802566528
-4.515871696639806E-4
5.042491912841797
0.0
-0.049223002046346664
10.895557403564453
19.406190872192383
14.167295455932617
0.08092129975557327
0.0
0.0
-0.006371561903506517
-0.016830654814839363
1.8592863082885742
2.8929622173309326
33.41302490234375
37.71373748779297
5.43853759765625
0.9444625973701477
1.1723313331604004
2.899690866470337
4.104093551635742
15.308454513549805
8.279348373413086
-0.04554904252290726
-1.723603367805481
-1.6888829469680786
8.018936157226562
12.70296859741211
22.186935424804688
3.460988759994507
0.0014908381272107363
0.022603292018175125
0.44680747389793396
6.38375997543335
0.4894601106643677
5.048457533121109E-4
0.0018576249713078141
0.0
16.875940322875977
3.6741414070129395
1.7328177690505981
9.441755294799805
0.02761494554579258
1.867172360420227
-0.0012307950528338552
-0.001735640806145966
5.048457533121109E-4
0.0
-0.019971244037151337
-0.6409338712692261
7.878861904144287
4.5595903396606445
9.428634643554688
12.965136528015137
-0.42354217171669006
23.249509811401367
0.5394796133041382
-0.4842849373817444
0.7230686545372009
0.09586738795042038
0.9823908805847168
52.9399528503418
41.72978210449219
4.418750286102295
16.754281997680664
0.0019264634465798736
5.048457533121109E-4
4.289461135864258
2.344846487045288
7.572696194984019E-4
-0.0012307950528338552
0.0
5.048457533121109E-4
-0.09194932878017426
2.013502597808838
0.020963434129953384
0.028348172083497047
-4.515871696639806E-4
-0.11490658670663834
-0.1979943960905075
-0.11142446100711823
0.02307995781302452
2.5242287665605545E-4
-0.023623118177056313
-0.009523107670247555
2.466470956802368
31.686750411987305
3.6837878227233887
42.38727569580078
3.9787139892578125
8.361732482910156
6.912081718444824
10.874773025512695
1.9710862636566162
2.9399900436401367
0.0547250434756279
0.0
-0.003471281612291932
-0.001483218278735876
-0.0016136568738147616
1.8690475225448608
2.8513920307159424
3.8267526626586914
0.8407736420631409
0.28460222482681274
0.012695576064288616
-0.41049280762672424
2.5242287665605545E-4
0.9368314743041992
11.224691390991211
0.2621288597583771
0.604871928691864
0.02736252173781395
-6.50751288048923E-4
0.0
7.572696194984019E-4
-0.001483218278735876
0.02438145875930786
0.0
-0.001287947641685605
9.489830017089844
39.364749908447266
1.739202618598938
7.572696194984019E-4
2.5242287665605545E-4
0.7246114611625671
28.74863624572754
8.191957473754883
1.505125641822815
-0.0015928904758766294
0.13186174631118774
-0.002966436557471752
-0.001483218278735876
-0.0012307950528338552
0.0
0.0
2.5242287665605545E-4
0.0
0.0
0.0
0.0
0.0
1.9052139520645142
26.842113494873047
10.76341724395752
6.758886814117432
3.7165942192077637
0.4040001332759857
0.013803436420857906
0.01752714067697525
2.5242287665605545E-4
0.02438145875930786
-0.006573366932570934
10.460644721984863
0.029194345697760582
-1.5513243852183223E-4
16.83063316345215
8.543642044067383
-0.24887272715568542
18.451217651367188
0.5462662577629089
0.0
-0.003471281612291932
2.891606569290161
1.5719584226608276
41.38142395019531
29.341571807861328
35.7021598815918
4.931066513061523
-0.07030846923589706
12.284552574157715
8.660422325134277
5.048457533121109E-4
0.0
0.0
-0.06555524468421936
1.488303303718567
33.50901794433594
2.661638021469116
0.0
0.666343092918396
24.128578186035156
0.8423932790756226
0.14830662310123444
6.514072418212891
19.770673751831055
2.20692777633667
0.7613896131515503
0.011982354335486889
0.009951862506568432
1.6081215143203735
14.370529174804688
0.07134336233139038
0.0
0.0
0.03657218813896179
2.7745213508605957
1.8730859756469727
0.0
-0.00649483036249876
27.785871505737305
37.46997833251953
1.179397463798523
6.834606170654297
29.83819580078125
6.7826151847839355
0.8601090908050537
7.572696194984019E-4
3.740208048839122E-4
0.0
27.1124324798584
12.541985511779785
36.741485595703125
43.098731994628906
4.164586544036865
0.20417383313179016
0.0
-0.035590238869190216
12.179312705993652
10.347150802612305
0.0
6.117680549621582
0.0
0.1254001408815384
43.1202392578125
2.1519999504089355
0.02736252173781395
0.694894552230835
0.3353974223136902
0.0
0.0
0.003865661798045039
13.978281021118164
4.674879550933838
25.10415267944336
0.4906102418899536
0.0
0.3366166055202484
2.5544214248657227
0.0
0.0
0.0
1.2775431871414185
0.947767972946167
5.846624374389648
6.306689262390137
17.00054168701172
2.329335927963257
0.0
0.0
1.304608702659607
11.376989364624023
4.901648998260498
0.0
0.0
0.0
0.0
0.04548472911119461
1.7246373891830444
2.234041213989258
0.0
-0.06199976056814194
0.3883652687072754
9.823612213134766
0.214914932847023
-0.004064284730702639
-0.00722539471462369
2.902271032333374
0.30098775029182434
0.0
0.0
0.0
-0.03124152682721615
3.2441089153289795
10.455605506896973
1.178931713104248
-0.27381351590156555
1.145858883857727
0.16171297430992126
0.4925253987312317
1.7628084421157837
15.36333179473877
2.1325623989105225
0.0
0.0
0.02438145875930786
0.20344097912311554
7.180916786193848
0.8326844573020935
15.772817611694336
5.743388652801514
20.938270568847656
3.740208048839122E-4
0.0
0.0
0.0
0.0
0.8911431431770325
-0.04692840203642845
5.1316986083984375
0.09879815578460693
-0.47206512093544006
4.226236820220947
1.8965946435928345
4.562926769256592
10.87601375579834
8.233440399169922
9.714006423950195
9.310661315917969
-0.5076484084129333
9.110450744628906
7.293758869171143
20.58881950378418
12.426006317138672
5.564675807952881
0.0
0.39807450771331787
0.14348430931568146
0.0
0.3435199558734894
0.6095364689826965
0.0
0.0
0.010208159685134888
0.014582064934074879
22.22774887084961
6.423654079437256
0.13681261241436005
0.0
6.561594486236572
0.16763776540756226
4.61069393157959
2.2761034965515137
0.06707948446273804
4.57785701751709
14.449323654174805
2.9316182136535645
0.4995534420013428
0.2803867757320404
36.045875549316406
5.9977312088012695
2.1249146461486816
0.7837608456611633
7.449124813079834
0.7958254814147949
12.96157169342041
0.20737674832344055
0.0
1.9998996257781982
10.52524471282959
1.05174720287323
3.1086390018463135
0.7548445463180542
0.0
0.0
0.0
0.13413235545158386
6.528249740600586
0.0
0.0
-0.0018063486786559224
-0.009274925105273724
0.0
0.0
0.0
-0.32278507947921753
12.493720054626465
32.11821746826172
5.574461936950684
0.3675493896007538
3.8015546798706055
7.153407573699951
-0.048432111740112305
5.818658351898193
-0.00722539471462369
11.562767028808594
18.83833885192871
0.5493505001068115
0.0
0.0
0.0
0.353531152009964
0.0547250434756279
0.0
1.2029744386672974
0.22140495479106903
2.988401412963867
1.3056830167770386
10.009984016418457
-0.15485988557338715
-0.011688009835779667
-4.515871696639806E-4
-0.03498924896121025
0.2654282748699188
3.583589553833008
0.38720613718032837
0.0
0.0
0.0
4.409523010253906
15.391517639160156
0.0
0.01676987111568451
-0.03311987221240997
4.51735258102417
0.013551015406847
0.006860874593257904
-0.001483218278735876
2.5242287665605545E-4
0.0
-0.1227402612566948
1.7045658826828003
3.658318042755127
2.5242287665605545E-4
2.5242287665605545E-4
-0.04140295833349228
11.723402976989746
4.724457263946533
4.565422534942627
8.392258644104004
0.223739355802536
0.0506836362183094
0.0
2.5242287665605545E-4
0.0
2.5242287665605545E-4
-0.002966436557471752
0.18686211109161377
29.257802963256836
2.7522072792053223
0.06805794686079025
0.0
0.03218498080968857
0.39493489265441895
0.029839469119906425
5.048457533121109E-4
1.594281554222107
0.05976938083767891
13.838826179504395
9.58735466003418
0.9236787557601929
-7.520888466387987E-4
-0.3587174415588379
4.896327495574951
1.8015092611312866
0.01702229306101799
0.02232317440211773
0.0
0.0
4.017224311828613
23.877107620239258
0.09592532366514206
5.048457533121109E-4
-0.02247731015086174
0.2709783613681793
14.602787971496582
0.15039794147014618
0.26114898920059204
-0.03149363398551941
0.0
23.589126586914062
27.255590438842773
5.623526096343994
0.7096538543701172
-0.13444814085960388
23.68103790283203
1.931618094444275
0.21437814831733704
0.01219072937965393
-0.009787401184439659
0.008553784340620041
0.1444283425807953
0.003334376495331526
0.06046264246106148
0.027476046234369278
0.03181172162294388
0.041777774691581726
0.0
11.85587215423584
0.7776170372962952
2.5242287665605545E-4
-0.09693443775177002
-0.0013547621201723814
-0.2296074479818344
7.307806968688965
8.53490161895752
1.579722285270691
0.029839469119906425
0.0294654481112957
0.0
0.029587047174572945
0.0
0.0
1.419937252998352
12.778428077697754
77.8330078125
16.35511589050293
18.957382202148438
5.583110332489014
-0.031188273802399635
0.0
0.0
5.048457533121109E-4
0.0
6.26443768851459E-4
2.5242287665605545E-4
5.133206367492676
4.790180683135986
-0.04696507379412651
-0.275942862033844
15.826014518737793
2.84157657623291
1.2781376838684082
-0.4967505931854248
0.1244405210018158
16.169414520263672
23.895158767700195
13.061721801757812
4.514734268188477
0.7459765076637268
-0.02438713051378727
-0.010413846001029015
0.0
0.0
0.0
0.0
-0.03541082143783569
4.599788665771484
0.0039769746363162994
0.0
0.0
4.586492538452148
0.7812099456787109
14.590656280517578
0.882892370223999
-0.01179901510477066
0.4061964452266693
0.13681261241436005
0.0
0.0
26.68378257751465
0.8873420357704163
0.0
-4.515871696639806E-4
0.7813646197319031
0.9100869297981262
10.540558815002441
19.653745651245117
0.0
0.0
0.0
2.861037254333496
6.98676872253418
0.03409489989280701
0.45205575227737427
-0.011360899545252323
0.0
0.0
0.0
0.028684988617897034
1.1582653522491455
0.02736252173781395
0.03180534020066261
3.8102104663848877
0.01219072937965393
-0.010387097485363483
0.09837091714143753
8.64667797088623
0.0
0.20417383313179016
0.0
0.0
14.551278114318848
2.314332962036133
0.8167787790298462
-0.010413846001029015
-0.24102196097373962
17.112255096435547
0.1094500869512558
-0.059755485504865646
2.046541690826416
0.4068732261657715
0.0
-0.004515871871262789
0.0
0.0
0.0
0.35671404004096985
0.8654506206512451
0.0
-0.0018063486786559224
5.62280797958374
-0.18038176000118256
3.254584789276123
12.155829429626465
0.03657218813896179
0.02438145875930786
0.09752583503723145
26.364017486572266
3.99446439743042
0.0
0.0
0.0
0.02438145875930786
0.6430763006210327
0.0
0.0
0.0
-0.049223002046346664
0.6668705344200134
34.34520721435547
24.532535552978516
19.0831298828125
0.03955325111746788
0.0
0.0
0.0
25.392940521240234
13.458097457885742
4.715776443481445
4.859454154968262
9.846343040466309
2.646049737930298
0.0
0.0
-0.004722475539892912
0.0
12.039509773254395
15.047506332397461
4.005825996398926
0.0
0.0
2.9223709106445312
1.1093565225601196
0.0547250434756279
0.0
-0.1594594269990921
2.4283244609832764
0.2609776556491852
0.0
6.561302661895752
24.84259605407715
11.46985912322998
12.133169174194336
0.0
0.5784966349601746
10.861201286315918
0.04899783805012703
12.64316177368164
0.0
0.0
0.0
0.0
0.10774213820695877
0.0
0.08208756893873215
0.8581430912017822
23.833343505859375
18.970121383666992
8.795731544494629
0.11836756020784378
0.0
0.0
0.0
0.24542297422885895
17.3204402923584
6.436631202697754
0.22094371914863586
0.034028973430395126
0.0
0.0
3.468813419342041
11.694682121276855
3.718139886856079
10.917454719543457
0.0
0.0
-6.439738208428025E-4
6.049896717071533
0.27006271481513977
11.127474784851074
1.6526275873184204
20.191938400268555
3.8322019577026367
-0.003471281612291932
0.8602685928344727
0.0
0.0
0.0
1.165340781211853
21.243242263793945
4.797349452972412
1.5116503238677979
0.0
0.060953643172979355
5.232604503631592
1.3233650922775269
0.0
-7.778739673085511E-4
1.5788114070892334
0.5453494787216187
-0.6486504673957825
19.028850555419922
1.5676733255386353
25.73828125
8.34642505645752
5.821463108062744
60.947269439697266
32.71693420410156
15.876769065856934
-0.026832234114408493
-0.12493092566728592
-0.1118859052658081
7.964332580566406
1.1995948553085327
15.043756484985352
13.916098594665527
0.315639853477478
1.0301402807235718
1.0996853113174438
8.43606948852539
0.48697707056999207
4.024937629699707
3.1877052783966064
0.0012384161818772554
9.217854499816895
2.8136239051818848
0.02660367824137211
3.6192381381988525
1.6312106847763062
38.802757263183594
3.2136478424072266
14.24962043762207
6.387025833129883
2.037327527999878
0.0
0.0037994515150785446
2.6810619831085205
2.2155678272247314
6.040274620056152
-0.13888831436634064
5.109291076660156
-0.09754284471273422
0.04418930783867836
11.188825607299805
5.955240249633789
9.23721981048584
38.79054260253906
-0.0946727842092514
0.9951862096786499
0.452179878950119
14.262432098388672
6.282670974731445
1.6640816926956177
0.0
2.3587615489959717
0.6065964698791504
-0.02575422078371048
8.444073677062988
0.23746873438358307
0.017143893986940384
2.5242287665605545E-4
0.0
0.01676987111568451
-0.009230908937752247
-0.10801442712545395
-4.515871696639806E-4
-0.48059502243995667
6.331492900848389
7.705352783203125
2.7537729740142822
2.5242287665605545E-4
2.5242287665605545E-4
-0.0016136568738147616
0.013298590667545795
11.696557998657227
16.426347732543945
-0.09489762783050537
-1.522927165031433
-0.6332978010177612
32.6311149597168
14.452795028686523
-0.003360276110470295
0.6454349160194397
0.033214639872312546
0.5726697444915771
0.15982991456985474
41.82087326049805
1.8753726482391357
9.586993217468262
37.49435806274414
5.632839679718018
0.9682342410087585
0.025626882910728455
8.073151588439941
2.8329508304595947
10.18136215209961
1.8646587133407593
0.0
0.01702229306101799
0.0
2.5242287665605545E-4
-0.009483332745730877
0.41782018542289734
-0.003954034764319658
0.24578973650932312
9.36180591583252
5.048457533121109E-4
5.048457533121109E-4
2.5242287665605545E-4
2.5242287665605545E-4
0.0
0.16780972480773926
0.9121546149253845
13.0541410446167
13.733120918273926
0.1875181347131729
-0.4533284604549408
5.347866058349609
2.852111577987671
11.956382751464844
0.0
0.8452723026275635
1.4332197904586792
-0.4190444052219391
-0.00722539471462369
-0.2592111825942993
-0.15233838558197021
5.738368034362793
0.06821081787347794
6.869939804077148
13.949869155883789
3.3850314617156982
0.1677643060684204
0.001505309366621077
0.0365656241774559
8.762618526816368E-4
7.556624477729201E-4
0.0
0.0
0.0
1.9458638429641724
29.001718521118164
17.058666229248047
96.0238037109375
8.851600646972656
0.034028973430395126
5.350247859954834
9.939583778381348
2.5242287665605545E-4
0.01727471686899662
0.027095753699541092
16.774755477905273
0.6162370443344116
5.048457533121109E-4
0.015539076179265976
32.504425048828125
33.00190734863281
0.0
0.9455003142356873
0.017427166923880577
5.048457533121109E-4
2.5242287665605545E-4
0.0
0.0
0.09453072398900986
0.00748865120112896
3.9571499824523926
40.41788864135742
1.7094192504882812
3.8062400817871094
-0.0301726795732975
16.488136291503906
0.10995493829250336
-0.0434301383793354
-0.32061731815338135
0.18768329918384552
0.0
0.0
0.0
0.0
-0.1833646595478058
0.9828982353210449
2.471622943878174
1.161539912223816
7.911367416381836
0.3259490132331848
0.0
0.0
-0.08316580951213837
1.0920048952102661
37.23216247558594
6.813760757446289
-0.013893463648855686
2.5242287665605545E-4
0.07314437627792358
6.6970624923706055
1.1836766004562378
11.121789932250977
4.162171363830566
-0.07450801879167557
-0.0022579359356313944
-4.0839301072992384E-4
0.10245951265096664
0.010044150985777378
0.01219072937965393
0.0
0.0
0.0012885528849437833
-0.0018063486786559224
-0.01925075054168701
-0.017073964700102806
-0.0765024721622467
0.2057674527168274
4.344137668609619
25.322460174560547
0.02052898332476616
37.55826950073242
24.580602645874023
71.60916900634766
45.75410842895508
-9.031743393279612E-4
0.0
13.902894020080566
2.6338112354278564
0.01676987111568451
0.0
0.0
0.0
-0.01622280851006508
1.5750993490219116
4.522045612335205
-0.5234912037849426
2.4023118019104004
7.659079074859619
0.4495712220668793
0.32218170166015625
5.946131706237793
9.217334747314453
17.329845428466797
0.06458666175603867
10.17990779876709
14.962644577026367
3.463578224182129
0.0
5.048457533121109E-4
0.0
3.8889381885528564
0.03432954475283623
-0.017687031999230385
0.0
0.03657218813896179
-0.11910319328308105
-0.06677195429801941
0.5492119193077087
20.679494857788086
13.016937255859375
7.139523983001709
50.92213439941406
10.844074249267578
4.473043918609619
0.0668209046125412
0.5784925222396851
0.1584794819355011
0.0
0.0
0.017143765464425087
3.981989860534668
9.142626762390137
-0.01312336977571249
0.0
40.540225982666016
0.6897939443588257
0.0
0.0
3.06182861328125
22.478404998779297
0.015961291268467903
0.0
0.0
0.0
0.5555598139762878
27.433727264404297
8.35050106048584
0.24381457269191742
0.0
0.0
0.0
0.0
0.0
0.0
0.0
17.848676681518555
6.805577278137207
0.09243940562009811
-9.031743393279612E-4
0.0
0.0
30.395536422729492
2.187715768814087
0.0
0.0
-0.03251427784562111
0.0014960832195356488
1.7482937574386597
0.0
11.506299018859863
1.9427390098571777
0.0
0.0
0.11104205995798111
-0.07107182592153549
19.1639404296875
8.971698760986328
0.7771834135055542
5.328920841217041
25.796527862548828
30.234516143798828
3.9354639053344727
0.19414851069450378
11.263666152954102
0.06153246760368347
5.786620140075684
3.943220615386963
1.7260385751724243
0.0
-0.004515871871262789
0.03815009817481041
-0.009934920817613602
2.368135929107666
11.343317031860352
0.08533511310815811
0.0
0.0
-0.04786825180053711
7.367735385894775
0.18076343834400177
6.483800888061523
4.128035545349121
0.0
0.0
0.06620181351900101
0.0
-0.04900568351149559
0.12515990436077118
0.3228253722190857
0.08533511310815811
0.2882212996482849
8.824211120605469
24.893774032592773
14.777517318725586
7.949185371398926
13.184126853942871
1.391548752784729
0.0
0.0
0.0
0.0
9.365639686584473
13.948866844177246
30.371736526489258
9.963617324829102
-0.9130741953849792
0.0
0.0
-0.07364548742771149
7.590784072875977
0.9553157091140747
0.033100906759500504
0.005154211539775133
9.600958824157715
0.0
0.03980745002627373
0.45105403661727905
3.481604814529419
0.961733877658844
1.2400869131088257
0.6339699029922485
7.191885948181152
21.767784118652344
17.781370162963867
6.381594181060791
3.9503278732299805
4.9820075035095215
-0.10820271074771881
0.0
0.0
0.4925253987312317
0.5933562517166138
6.531617164611816
2.7524564266204834
2.299971103668213
0.2750800848007202
-0.0022579359356313944
0.0
0.0
0.0
0.8309051394462585
1.1382502317428589
0.8505824208259583
-0.1328096091747284
17.64499855041504
0.06132766604423523
0.04876291751861572
0.0
1.5150107145309448
17.350709915161133
0.8929458856582642
0.21943311393260956
-0.038076359778642654
0.49867701530456543
3.6688292026519775
1.2751171588897705
0.03353974223136902
0.0547250434756279
0.0
0.0
0.0
0.02438145875930786
0.3280123174190521
6.794573783874512
14.303516387939453
5.269707679748535
28.704687118530273
0.0
1.609053134918213
1.1544415950775146
0.06566786766052246
-9.470506920479238E-4
0.046811483800411224
3.188086986541748
15.691629409790039
0.10489240288734436
0.03416619077324867
-0.10066717863082886
1.3555402755737305
3.78173828125
1.4381816387176514
35.880313873291016
0.7515658140182495
0.0
10.047795295715332
75.61184692382812
17.993894577026367
3.309431314468384
0.828336238861084
0.01702229306101799
0.01727471686899662
5.048457533121109E-4
0.01702229306101799
0.0
-0.034460391849279404
4.8188254004344344E-4
-0.004647480323910713
-0.0038696113042533398
0.02488630823791027
2.5242287665605545E-4
0.0
0.04999752342700958
0.0
0.0
-0.4759671688079834
0.0
-0.8693482279777527
0.00565817765891552
-0.001483218278735876
-0.03702979534864426
-0.9381243586540222
46.730628967285156
5.514437198638916
0.0
0.006310579366981983
0.001000465010292828
14.62558650970459
8.251273155212402
0.3732360899448395
9.382669448852539
9.358094215393066
5.251035213470459
4.524484634399414
15.898296356201172
0.0
0.021818330511450768
0.0
4.29303503036499
0.7322183847427368
-3.9832835318520665E-4
0.0
0.0
0.25121423602104187
1.1736197471618652
6.170718193054199
0.9726772904396057
0.08342094719409943
0.46477779746055603
0.1023573949933052
0.9222887754440308
24.037071228027344
23.412439346313477
7.356598377227783
0.24386635422706604
9.653846500441432E-4
0.006978780962526798
9.815167427062988
3.2483303546905518
0.03429701551795006
0.01702229306101799
0.009900817647576332
2.8484866619110107
1.2454701662063599
0.0
0.024755479767918587
0.0
0.0
0.0
2.5242287665605545E-4
2.5242287665605545E-4
2.5242287665605545E-4
0.0
-3.539756580721587E-4
0.321177214384079
2.1347804069519043
9.797053337097168
1.1473644971847534
-0.02503339760005474
-8.499153191223741E-4
-4.972260794602334E-4
1.5515738725662231
9.007586479187012
6.697337627410889
21.932580947875977
3.0681936740875244
2.7325034141540527
19.03989028930664
0.03978436067700386
0.010204285383224487
0.018031982704997063
0.0
3.053359031677246
0.24626269936561584
0.0
0.1641751378774643
0.0
-0.4342428743839264
17.909854888916016
0.29257750511169434
0.3754507899284363
-0.0013547621201723814
3.545701503753662
48.37248611450195
25.602001190185547
0.43868428468704224
4.873513221740723
8.138191223144531
0.0
2.369054079055786
0.034054674208164215
-0.005451722536236048
0.0
-0.003001153003424406
3.98020076751709
0.0
0.0
0.0
0.0
0.0
0.18732336163520813
9.725298881530762
56.01969528198242
2.443683385848999
-0.0019450533436611295
3.156463146209717
0.0020193830132484436
10.709391593933105
23.826499938964844
5.3469743728637695
0.10208691656589508
0.0
-0.006942563224583864
0.0
0.0
0.0
-5.185823538340628E-4
11.490874290466309
7.043128967285156
11.334022521972656
0.42237725853919983
0.0
0.0
0.9512189626693726
1.7040373086929321
0.08395761251449585
13.727651596069336
0.10612864792346954
18.989439010620117
0.0
1.677363395690918
11.155854225158691
0.6486936807632446
0.0
0.0
0.0
0.0
5.227385997772217
8.31299114227295
0.04296957701444626
14.841179847717285
20.149869918823242
18.729415893554688
1.4528379440307617
10.595471382141113
1.336198329925537
0.0
0.0
5.192140102386475
5.590495586395264
14.988741874694824
14.397014617919922
88.03549194335938
17.81556510925293
0.6050045490264893
12.595831871032715
4.148122787475586
0.0
0.0
29.264326095581055
6.16141414642334
0.25027137994766235
0.014511935412883759
17.252071380615234
8.400147438049316
0.0
3.3555352687835693
2.98287034034729
0.02438145875930786
10.442654609680176
0.535981297492981
1.096334457397461
0.8852914571762085
3.211195468902588
0.06756871193647385
0.0
0.03503582254052162
2.7928128242492676
11.07414436340332
6.351838111877441
4.334200859069824
0.8254556059837341
0.0547250434756279
0.0
0.08536884188652039
-0.006222991738468409
0.0
-0.11358801275491714
3.2514727115631104
3.61139178276062
25.23994255065918
1.2133817672729492
0.0547250434756279
0.0
0.0
0.0
0.11242394894361496
4.7516703605651855
0.436501681804657
1.3115763664245605
0.0
0.38642674684524536
16.084505081176758
5.06046724319458
0.3182210624217987
0.0
0.0
0.0
0.0
0.18674089014530182
-0.03647706285119057
19.602094650268555
12.79154109954834
-0.1088143065571785
0.0
0.0
0.45910710096359253
3.009160280227661
0.10971655696630478
0.35571277141571045
2.3363215923309326
36.92404556274414
25.762149810791016
2.929549217224121
0.0
0.0
0.04212081804871559
21.274660110473633
10.321882247924805
14.166267395019531
9.932120323181152
0.3356489837169647
0.5483404397964478
1.7368741035461426
0.18436218798160553
9.736188888549805
4.522167682647705
12.309776306152344
11.736586570739746
0.23820281028747559
0.0
0.03657218813896179
0.02438145875930786
0.0
-5.298298128764145E-5
0.1868462860584259
-0.012223129160702229
29.501169204711914
2.6621756553649902
0.9312139749526978
4.409936904907227
2.1580114364624023
0.6380825042724609
0.03984430804848671
1.8550435304641724
-0.02933022379875183
0.003260904224589467
0.0
0.7030732035636902
0.0
1.9061545133590698
12.090947151184082
0.0
0.0
0.0
-0.01391628198325634
14.740148544311523
1.2856624126434326
11.857779502868652
32.174129486083984
9.781753540039062
2.4935965538024902
5.378230571746826
16.541419982910156
1.0300698280334473
0.8848072290420532
9.684916496276855
3.7915587425231934
0.03036043606698513
5.200183391571045
15.729219436645508
0.0
-0.4945381283760071
1.360469937324524
0.07243642956018448
1.3532366752624512
2.6779353618621826
2.81119966506958
2.129692316055298
7.25186824798584
10.806686401367188
0.02465299889445305
0.27893292903900146
0.6769946217536926
-0.14134430885314941
2.1243886947631836
0.0
1.890854001045227
5.33485221862793
0.0
0.8606280088424683
3.8939037322998047
0.20724241435527802
0.6717592477798462
0.9920343160629272
6.3199639320373535
0.0
0.0
0.01219072937965393
0.6930427551269531
1.7354583740234375
0.0
-3.817200777120888E-4
10.016944885253906
1.2067242860794067
-0.002723241690546274
-0.24917493760585785
0.0
0.0
0.0
0.0
0.0
0.0
0.29257750511169434
0.0
0.0
0.0
0.006976406089961529
9.50072193145752
-0.0733484998345375
0.019345246255397797
9.28693962097168
0.6146711111068726
0.8536035418510437
2.8220551013946533
0.0547250434756279
0.0
0.0
0.0
0.4022940397262573
0.0
0.025604691356420517
0.0
0.40667369961738586
3.2718007564544678
0.0
0.0
2.3603999614715576
0.0
0.01631828583776951
-0.16846458613872528
18.675594329833984
28.235219955444336
12.828001022338867
0.5493512749671936
2.5242287665605545E-4
0.0
3.475480079650879
0.013298590667545795
0.01676987111568451
0.0
0.0
0.0
1.740530252456665
0.07658392190933228
2.0308258533477783
4.424291133880615
0.007320271339267492
5.330113410949707
30.199411392211914
0.9123957753181458
0.1423594355583191
-0.00265626423060894
0.0
0.0
2.5242287665605545E-4
2.5242287665605545E-4
-0.003922868520021439
12.763143539428711
0.43036067485809326
0.05730912834405899
-0.002844835864380002
0.3218153715133667
0.017556698992848396
0.01219072937965393
9.861323356628418
10.488165855407715
0.7588311433792114
0.07836459577083588
0.05842604860663414
-0.003612697357311845
-0.040440112352371216
9.64851188659668
14.900635719299316
0.1361158937215805
0.01727471686899662
0.10199129581451416
0.0547250434756279
-0.9285297989845276
13.299439430236816
2.5242287665605545E-4
0.01702229306101799
2.5242287665605545E-4
2.5242287665605545E-4
-4.293158126529306E-4
-0.044707152992486954
6.77578592300415
22.630401611328125
14.55547046661377
1.6525654792785645
5.180588245391846
2.0783591270446777
0.0
0.11146947741508484
2.5242287665605545E-4
26.686124801635742
19.114625930786133
0.06394876539707184
0.3178442418575287
0.01727471686899662
0.0
12.59067153930664
0.799340009689331
0.0
0.0
0.0
0.0
1.1094592809677124
0.9006510376930237
0.0
0.0
3.3495635986328125
24.597761154174805
0.8887370228767395
0.11554230749607086
-0.033869050443172455
8.877606391906738
11.18897533416748
42.361717224121094
38.11580276489258
47.90580368041992
2.2749361991882324
2.5242287665605545E-4
0.0
2.5242287665605545E-4
0.0
0.0
6.471767902374268
18.155141830444336
28.704944610595703
0.3236297369003296
7.009273529052734
0.4255724549293518
0.0
-0.003471281612291932
0.0
0.0
0.0
0.0
0.0
0.0
0.0
-0.38854584097862244
24.852312088012695
39.57185363769531
10.739482879638672
-0.20721794664859772
-0.006942563224583864
-0.29620984196662903
44.88019561767578
10.046902656555176
33.72613525390625
25.439226150512695
73.6377944946289
14.68179702758789
1.615305781364441
0.01219072937965393
0.005548208020627499
0.06347186118364334
31.315767288208008
4.040990352630615
-0.020575273782014847
-0.003471281612291932
0.0
12.445334434509277
11.32537841796875
0.2316238284111023
-4.515871696639806E-4
24.430322647094727
75.4549331665039
6.90032434463501
0.05519967898726463
5.363920211791992
8.666753768920898
0.0
0.0
-0.022579362615942955
24.183517456054688
0.4698185622692108
0.6323418617248535
2.5242287665605545E-4
0.0
-0.06053350865840912
30.4205379486084
1.7225860357284546
0.0
14.284072875976562
1.678755521774292
0.4468543827533722
0.07262764871120453
0.1584794819355011
-0.09739892929792404
0.0
12.208195686340332
0.03353974223136902
-0.23174065351486206
23.50663948059082
1.764606237411499
4.108353137969971
0.0
0.0
0.0
-0.10459478199481964
-0.022579362615942955
0.0
-0.042543843388557434
5.975035667419434
4.697174072265625
2.430046319961548
7.398956298828125
42.086971282958984
0.034625325351953506
2.6345407962799072
17.440462112426758
0.0
0.9068747162818909
71.96076965332031
3.747330665588379
11.307961463928223
0.0
7.1845173835754395
7.168288230895996
23.59457015991211
10.135478019714355
31.79413414001465
0.7413493394851685
3.299992799758911
3.4822161197662354
1.7389684915542603
1.4528509378433228
4.36170768737793
4.136336326599121
7.965140342712402
5.187751770019531
-0.03333057090640068
25.32770347595215
0.10364272445440292
0.0
0.42775243520736694
0.09934698045253754
3.6994199752807617
0.5583229660987854
12.570338249206543
1.146537184715271
43.939247131347656
8.224838256835938
0.0
0.0
0.0
9.04067611694336
0.3405410349369049
0.13455349206924438
-0.06139908358454704
-0.08922356367111206
7.946619510650635
0.003758877981454134
11.350851058959961
11.246797561645508
3.2756032943725586
3.168177366256714
0.014251559972763062
0.0
4.299379825592041
5.803901672363281
0.3565122187137604
0.0
0.0
19.164470672607422
49.197383880615234
22.23834228515625
14.37114429473877
0.29249000549316406
0.6201757788658142
-0.19792130589485168
31.67498016357422
0.20125217735767365
6.580910682678223
6.28419303894043
0.0
0.09861931949853897
25.064987182617188
3.373614549636841
2.075974941253662
15.078784942626953
3.4153709411621094
0.9505420923233032
0.6337352991104126
15.700577735900879
4.023238658905029
0.43731963634490967
1.6267118453979492
8.832503318786621
7.590206146240234
19.495813369750977
1.3247588872909546
1.5040713548660278
7.007510185241699
-0.17814257740974426
-0.21835675835609436
3.0195062160491943
10.615152359008789
0.04228987172245979
29.500389099121094
6.524594306945801
0.02736252173781395
5.733684539794922
2.0449752807617188
0.2261582762002945
1.4357693195343018
24.486095428466797
42.64679718017578
8.344415664672852
0.4378003478050232
0.0
0.0
-0.11300629377365112
5.469996452331543
8.856438636779785
5.878391265869141
2.2990617752075195
0.0
0.0
-0.009593767113983631
0.0
0.0
0.0
3.1817803382873535
5.07878303527832
5.425202369689941
0.5916744470596313
2.9164986610412598
1.543009638786316
7.401973247528076
2.1315057277679443
0.5077515840530396
-0.021680455654859543
1.4253017902374268
0.009258285164833069
2.5242287665605545E-4
0.0
-0.07586666196584702
-0.24523623287677765
16.24354362487793
4.590576171875
13.525276184082031
0.38023367524147034
1.5138766765594482
8.797327995300293
4.382525444030762
9.730098724365234
4.359737396240234
5.36085319519043
3.777996778488159
0.034028973430395126
0.0
0.12524205446243286
-0.39628827571868896
5.691277503967285
4.48578405380249
1.5127161741256714
1.7830135822296143
0.6394704580307007
0.6882944107055664
0.08208756893873215
-0.03124152682721615
0.0
0.0
0.0
-0.08722442388534546
0.2980148494243622
0.0
-1.9916417659260333E-4
-0.5128639936447144
1.38930344581604
28.705839157104492
7.197970390319824
17.417951583862305
3.2505557537078857
1.7683873176574707
54.59256362915039
23.552352905273438
5.048457533121109E-4
5.048457533121109E-4
0.034533821046352386
0.03404458612203598
5.048457533121109E-4
-0.006439738441258669
7.708509922027588
3.234548568725586
0.09910986572504044
0.13226158916950226
20.087053298950195
7.908888339996338
2.3061094284057617
8.698254585266113
29.880861282348633
11.973912239074707
0.6673725843429565
0.0
-0.03495016694068909
0.4717313051223755
17.509471893310547
32.67363357543945
0.6119968891143799
1.340536117553711
0.8419736623764038
0.3428176939487457
0.2219516932964325
4.76608419418335
0.008523013442754745
0.018986405804753304
2.3203060626983643
0.407112717628479
2.2945797443389893
9.409839630126953
0.5411950349807739
0.012695576064288616
2.5242287665605545E-4
2.8428094387054443
9.830920219421387
0.19870896637439728
7.572696194984019E-4
7.572696194984019E-4
2.5242287665605545E-4
-0.11074349284172058
1.4819570779800415
0.10050690174102783
0.1616922914981842
-0.009130362421274185
0.0
-0.08214957267045975
29.409223556518555
32.17404556274414
14.112507820129395
19.517271041870117
0.0
0.008329964242875576
2.5242287665605545E-4
-0.0393865741789341
0.6717919707298279
17.342967987060547
1.0472707748413086
0.35186469554901123
0.6775240898132324
0.0
0.11165837198495865
0.012443154118955135
-0.002966436557471752
7.572696194984019E-4
0.0
0.0
-0.002709524240344763
0.16573379933834076
6.496063232421875
13.362420082092285
0.002829528646543622
20.736431121826172
23.31238555908203
5.048457533121109E-4
5.048457533121109E-4
7.572696194984019E-4
5.646246433258057
17.750932693481445
8.082454681396484
24.567852020263672
0.33491650223731995
39.48324203491211
6.2182769775390625
0.36224788427352905
5.62643575668335
9.667241096496582
2.5242287665605545E-4
-0.04186616465449333
-0.04165538400411606
5.048457533121109E-4
-0.39565950632095337
27.327119827270508
0.0
0.8818292617797852
0.006311970762908459
8.044933319091797
2.2313120365142822
2.5242287665605545E-4
0.0
0.4368426501750946
0.0
0.0
-0.001073290128260851
15.0592622756958
2.0675547122955322
0.6607493162155151
0.07654058933258057
0.0
0.0
0.0
-0.001535693067125976
5.048457533121109E-4
5.048457533121109E-4
0.02438145875930786
0.0
0.09782672673463821
0.8176823258399963
4.271409511566162
5.24350118637085
0.7809157967567444
0.3241519629955292
0.07332003116607666
-0.16888976097106934
8.864048957824707
19.69674301147461
4.880998611450195
3.509669303894043
0.0
-0.003471281612291932
-4.515871696639806E-4
0.0
0.0
0.7842652797698975
17.296768188476562
23.028419494628906
2.066356897354126
0.04918759688735008
0.0
-0.018714241683483124
0.0
0.0
0.2393495738506317
8.87106990814209
64.50619506835938
8.437973976135254
23.020397186279297
0.2518005073070526
0.0
0.7802066802978516
0.9641342163085938
5.179442405700684
0.0
0.0
2.144491195678711
0.37501540780067444
0.021923111751675606
0.7714071869850159
0.0
16.34048843383789
13.641674995422363
7.559072971343994
0.10717335343360901
0.0
0.0
0.0
0.9266102313995361
5.7434844970703125
0.8271074295043945
3.048578977584839
0.6268618106842041
2.5242287665605545E-4
0.0
0.0
0.010709132067859173
11.920233726501465
0.23460491001605988
5.437878608703613
0.3895779848098755
0.023077955469489098
0.0
-0.003434526501223445
12.934718132019043
4.105157852172852
-0.024298973381519318
0.0
0.0
0.0
0.2552444040775299
8.955293655395508
0.0
0.0
-0.0899231880903244
18.716007232666016
0.0
0.0
0.0
0.0
5.9064178466796875
14.82067584991455
3.732208728790283
2.4864258766174316
0.0
0.05574667081236839
0.08956676721572876
13.691883087158203
1.572802186012268
5.445688724517822
10.386185646057129
3.2371418476104736
0.01676987111568451
-0.034320637583732605
11.718149185180664
26.59658432006836
0.0
0.49277785420417786
8.720809936523438
1.8621982336044312
1.590188980102539
0.714400053024292
0.5378179550170898
2.0190014839172363
2.837894916534424
0.0
1.269635796546936
3.1841301918029785
16.374889373779297
1.891874074935913
0.0
0.0
1.7580324411392212
0.2316238284111023
-0.006942563224583864
11.059347152709961
10.87773609161377
1.955687165260315
7.045888900756836
1.1843475103378296
10.283891677856445
6.408303737640381
0.0
0.0
0.04876291751861572
0.49981990456581116
0.37279972434043884
-0.06039158254861832
0.2181796282529831
5.5290751457214355
6.177579879760742
3.7014029026031494
7.734612941741943
17.39557647705078
1.7803075313568115
1.409228801727295
1.432867169380188
0.4701840579509735
14.650853157043457
8.92348575592041
7.931460857391357
2.2928781509399414
13.433303833007812
0.3167518675327301
4.169837951660156
25.81202507019043
1.1433730125427246
0.46887776255607605
11.72811508178711
9.442553520202637
1.3510377407073975
0.10779394954442978
9.908623695373535
12.31080436706543
7.8294854164123535
17.748353958129883
3.482149124145508
0.1407332569360733
10.907220840454102
6.072118759155273
0.0
3.737997531890869
5.9520721435546875
7.590003490447998
2.88137149810791
9.788138389587402
9.91395092010498
21.051706314086914
1.5684638023376465
9.887808799743652
28.555973052978516
6.26668119430542
1.2748565673828125
3.8522706031799316
6.49749231338501
0.20352837443351746
0.013630860485136509
15.601044654846191
1.3144760131835938
10.695658683776855
5.570587635040283
9.757987022399902
5.122227668762207
15.49117660522461
12.909231185913086
0.4171042740345001
0.005553300026804209
0.0
0.0
0.0
0.03657218813896179
0.6465504765510559
0.0
0.0
0.9354388117790222
-2.377803087234497
2.542018175125122
2.314154863357544
2.8603930473327637
0.10463013499975204
0.0
0.0
0.0
3.677489757537842
8.050444602966309
0.0
0.0
0.0
0.0
-0.799760639667511
29.39305305480957
44.7121696472168
38.17121505737305
31.004905700683594
19.169755935668945
2.1183278560638428
1.3415710926055908
0.37058454751968384
2.7622568607330322
1.1915189027786255
-0.16265341639518738
6.759227275848389
0.11764152348041534
0.0
2.5242287665605545E-4
5.320680618286133
0.033913757652044296
3.964552879333496
-0.003218857804313302
0.15531624853610992
2.9093258380889893
34.47643280029297
1.4778374433517456
2.1620090007781982
14.658732414245605
0.7370529770851135
3.9800517559051514
9.638973236083984
7.572696194984019E-4
50.624053955078125
3.4940426349639893
5.048457533121109E-4
-0.002966436557471752
5.048457533121109E-4
5.048457533121109E-4
-0.0011023386614397168
0.002829910023137927
4.319912433624268
-0.8737260103225708
10.184707641601562
0.08807837218046188
0.03404458612203598
5.048457533121109E-4
5.048457533121109E-4
0.002829528646543622
1.1717302799224854
0.31021153926849365
16.528696060180664
11.73749828338623
0.03032088465988636
0.22223533689975739
19.30316162109375
2.831573247909546
0.31756821274757385
0.503165066242218
0.2862716615200043
0.7999942302703857
2.5242287665605545E-4
0.0
6.610152721405029
0.13030485808849335
-1.3916481733322144
0.14628121256828308
1.1171183586120605
0.20427092909812927
2.5242287665605545E-4
5.048457533121109E-4
0.0
-0.18347306549549103
0.03057331219315529
0.18261760473251343
2.4112086296081543
2.5242287665605545E-4
2.5242287665605545E-4
22.80535888671875
22.492910385131836
5.048457533121109E-4
7.572696194984019E-4
2.5242287665605545E-4
5.048457533121109E-4
0.002110046800225973
0.0
0.0
0.0
-0.6030641794204712
14.140097618103027
-0.48930156230926514
3.7199385166168213
41.568748474121094
4.737887859344482
4.25373649597168
13.422264099121094
22.610992431640625
13.181073188781738
1.115992546081543
-0.02082769200205803
0.45134732127189636
2.193655490875244
8.600665092468262
4.6564226150512695
2.920621871948242
5.048457533121109E-4
5.048457533121109E-4
5.048457533121109E-4
5.048457533121109E-4
2.5242287665605545E-4
5.048457533121109E-4
-6.50751288048923E-4
2.9366650581359863
0.061458490788936615
13.718587875366211
20.386018753051758
21.760889053344727
-0.39987921714782715
19.81433868408203
35.62995910644531
3.2384583950042725
12.539506912231445
87.33638000488281
1.2692281007766724
-0.0060568382032215595
0.04075300320982933
-4.515871696639806E-4
0.1382577270269394
2.0320305824279785
7.094883918762207
6.867551326751709
32.25904083251953
0.08603326976299286
6.127450942993164
11.776697158813477
2.729975700378418
1.4898256063461304
0.0
0.0
1.5624706745147705
29.567604064941406
64.54232025146484
6.417590141296387
0.0
0.0
-0.13733722269535065
2.3939507007598877
14.588942527770996
-0.01892281137406826
-0.3083643317222595
-0.034142594784498215
11.05954360961914
15.523905754089355
-0.045126672834157944
-0.03124152682721615
8.974390983581543
7.302122116088867
4.931740760803223
3.239234447479248
-3.539756580721587E-4
6.098945140838623
41.290557861328125
29.10521125793457
2.8558297157287598
0.0
0.0
0.0
0.0
0.8245463967323303
20.981122970581055
0.02761494554579258
6.4608473777771
14.856485366821289
3.462232828140259
5.048457533121109E-4
2.5242287665605545E-4
0.0
0.0
0.0
-0.006010422483086586
-0.14495043456554413
1.483648657798767
0.47271254658699036
18.43849754333496
2.420476198196411
2.5242287665605545E-4
1.8208080530166626
11.204611778259277
0.133707195520401
0.0
2.5242287665605545E-4
0.0
0.0
-0.061402563005685806
18.818336486816406
5.4329986572265625
-0.004954500123858452
0.0
4.499454498291016
0.06354207545518875
0.0
-0.31709906458854675
3.422171115875244
4.318050384521484
2.5242287665605545E-4
0.02438145875930786
16.195341110229492
3.4135122299194336
0.0025771057698875666
6.485766410827637
0.0
0.0
0.03657218813896179
0.19803272187709808
0.10971655696630478
0.0
-0.027095239609479904
-0.25387200713157654
36.62403106689453
27.233821868896484
1.8845499753952026
0.0
3.363130807876587
3.1738803386688232
0.25600528717041016
0.0
0.0
0.0
0.0
0.0
0.05991863086819649
0.21449226140975952
0.0
0.7364378571510315
2.6868040561676025
3.8503830432891846
0.0012621149653568864
0.03732945770025253
0.4418473541736603
2.664367437362671
0.1094500869512558
0.0
0.0
0.0
-0.023612378165125847
0.10939128696918488
12.983321189880371
6.887274265289307
2.5242287665605545E-4
0.0
0.0
0.1641751378774643
0.0
-0.014513010159134865
-0.3093107044696808
12.008270263671875
0.0
0.0
-0.03124152682721615
0.0
-0.01927315816283226
1.9164668321609497
3.04758620262146
4.175416946411133
1.91190505027771
-0.006632393691688776
-0.022579362615942955
2.1066110134124756
11.187761306762695
5.294374465942383
0.8949936032295227
9.09285831451416
2.2262349128723145
0.5083613991737366
0.0
0.10209573060274124
-4.515871696639806E-4
1.620897889137268
1.8674471378326416
4.576731204986572
2.3947396278381348
1.1078221797943115
16.490690231323242
0.02438145875930786
0.0
6.096684455871582
32.356101989746094
8.61811637878418
0.08208756893873215
0.0
0.0
0.3657218813896179
3.637500286102295
0.0
0.17269602417945862
0.02438145875930786
2.103792190551758
0.23550279438495636
51.668148040771484
48.23374557495117
20.428998947143555
0.0
0.0
1.1508246660232544
1.0278517007827759
0.03479094058275223
2.3819897174835205
5.066708087921143
0.48211708664894104
3.2020599842071533
13.695813179016113
0.7740037441253662
0.2305920571088791
0.03612060472369194
0.0
0.1393260955810547
0.0
