13.821757316589355
2.063060998916626
-0.002145750680938363
20.02175521850586
21.61085319519043
0.11161928623914719
0.0
0.0
0.11896368116140366
25.520097732543945
1.0417319536209106
55.89178466796875
28.545085906982422
6.643682479858398
0.8490233421325684
-0.15170183777809143
11.69914722442627
10.823254585266113
0.004302110522985458
20.786224365234375
-0.0073711867444217205
0.0
0.06298304349184036
11.40671157836914
-0.281802237033844
3.235579490661621
29.42556381225586
0.6032021045684814
0.06953215599060059
0.0
0.0
0.0
9.701992988586426
10.253746032714844
0.0
0.0
-0.010849124751985073
-0.1094190701842308
39.58601760864258
6.66737174987793
5.354473114013672
-0.05852649360895157
3.0386674404144287
18.31290054321289
1.403569221496582
0.22150611877441406
0.0
0.0
-0.04580333083868027
0.4507857859134674
-0.04886828735470772
-0.10126041620969772
0.0
0.0
24.33596420288086
6.892004489898682
0.07070492953062057
0.0
6.115390300750732
15.46144962310791
3.846613883972168
0.1382019966840744
0.0
2.6710286140441895
8.316915512084961
5.411116123199463
0.593646228313446
0.0
0.0
0.0
1.099118947982788
-0.010299825109541416
8.768136024475098
-0.1230958104133606
2.1053595542907715
11.124399185180664
11.56313705444336
1.4672539234161377
0.00939137116074562
0.0
0.0
0.48465263843536377
24.909252166748047
-0.015575850382447243
16.369773864746094
2.2571704387664795
7.804342269897461
-0.20299136638641357
8.920330047607422
0.5480208396911621
35.10598373413086
0.15070882439613342
NaN
NaN
NaN
NaN
NaN
NaN
NaN
NaN
NaN
NaN
NaN
NaN
NaN
NaN
NaN
NaN
NaN
NaN
NaN
NaN
NaN
NaN
NaN
NaN
NaN
NaN
NaN
NaN
NaN
NaN
NaN
NaN
NaN
NaN
NaN
NaN
NaN
NaN
NaN
NaN
NaN
NaN
NaN
NaN
NaN
NaN
NaN
NaN
NaN
NaN
NaN
NaN
NaN
NaN
NaN
NaN
NaN
NaN
NaN
NaN
NaN
NaN
NaN
NaN
NaN
NaN
NaN
NaN
NaN
NaN
NaN
NaN
NaN
NaN
NaN
NaN
NaN
NaN
NaN
NaN
NaN
NaN
NaN
NaN
NaN
NaN
NaN
NaN
NaN
NaN
NaN
NaN
NaN
NaN
NaN
NaN
NaN
NaN
NaN
NaN
NaN
NaN
NaN
NaN
NaN
NaN
NaN
NaN
NaN
NaN
NaN
NaN
NaN
NaN
NaN
NaN
NaN
NaN
NaN
NaN
NaN
NaN
NaN
NaN
NaN
NaN
NaN
NaN
NaN
NaN
NaN
NaN
NaN
NaN
NaN
NaN
NaN
NaN
NaN
NaN
NaN
NaN
NaN
NaN
NaN
NaN
NaN
NaN
NaN
NaN
NaN
NaN
NaN
NaN
NaN
NaN
NaN
NaN
NaN
NaN
NaN
NaN
NaN
NaN
NaN
NaN
NaN
NaN
NaN
NaN
NaN
NaN
NaN
NaN
NaN
NaN
NaN
NaN
NaN
NaN
NaN
NaN
NaN
NaN
NaN
NaN
NaN
NaN
NaN
NaN
NaN
NaN
NaN
NaN
NaN
NaN
NaN
NaN
NaN
NaN
NaN
NaN
NaN
NaN
NaN
NaN
NaN
NaN
NaN
NaN
NaN
NaN
NaN
NaN
NaN
NaN
NaN
NaN
NaN
NaN
NaN
NaN
NaN
NaN
NaN
NaN
NaN
NaN
NaN
NaN
NaN
NaN
NaN
NaN
NaN
NaN
NaN
NaN
NaN
NaN
NaN
NaN
NaN
0.0
0.0
0.0
0.0
0.0
0.0
0.0
0.0
0.0
0.0
0.0
0.0
0.0
0.0
0.0
0.9783759117126465
0.17128737270832062
0.0
0.0
0.0561082623898983
-0.0036855933722108603
0.15566331148147583
3.2539865970611572
0.0
-0.008924045599997044
27.74586296081543
0.0
21.791324615478516
0.0
32.41780090332031
93.10611724853516
7.303647518157959
7.524283409118652
1.117456316947937
2.664670705795288
0.02627974934875965
-0.11996152251958847
0.0
1.5636886358261108
0.008540264330804348
-9.239226346835494E-5
0.0
-0.0025446300860494375
0.09391370415687561
0.0
26.45538330078125
14.615105628967285
3.4619977474212646
0.015717383474111557
0.03756548464298248
0.9942291975021362
3.9551284313201904
0.0
0.0
0.0
-0.024522854015231133
-0.04452689737081528
-0.08576603978872299
3.7573952674865723
9.35944652557373
0.7792440056800842
0.0
0.11419419199228287
0.2803962230682373
0.0
2.088005542755127
0.0
-1.1116652488708496
21.59173011779785
0.10990395396947861
2.33236026763916
1.747711181640625
0.01878274232149124
0.0
7.81919002532959
0.03173233941197395
0.0
-0.005089260172098875
0.0
0.0
0.0
-0.3835071325302124
12.6629056930542
0.0
-0.38937288522720337
5.925278186798096
9.37249755859375
43.064754486083984
31.407264709472656
8.258918762207031
3.0511116981506348
-0.013417097739875317
1.544877052307129
0.0
2.9370076656341553
30.963970184326172
9.390573501586914
0.9918703436851501
-0.006130713503807783
0.20696350932121277
0.5634822845458984
-0.03210984170436859
20.815715789794922
4.491647720336914
3.242691993713379
1.6459962129592896
-0.0058313398621976376
-0.09213980287313461
-0.04035436362028122
0.0
0.0
13.96381664276123
0.0
0.0
0.0
0.0
0.0
0.0
0.0
9.59741497039795
0.0
-6.130714900791645E-4
17.170698165893555
-0.01101040281355381
2.848477363586426
-0.0827484279870987
-0.658943772315979
9.712811470031738
1.2301253080368042
-0.04123976454138756
0.0
0.47084707021713257
12.25119400024414
2.34926700592041
2.287036895751953
1.0401713848114014
9.267768859863281
0.5225464701652527
0.2378668487071991
-0.02140590362250805
0.0
0.0
-0.4936088025569916
3.410479784011841
4.740602493286133
6.615353584289551
20.565128326416016
0.22655968368053436
22.674537658691406
5.0645012855529785
0.0
-0.0018478393321856856
0.16716070473194122
19.294870376586914
0.0
0.01737653650343418
0.0
0.0
0.04710903763771057
4.627650260925293
7.673694133758545
4.1988115310668945
4.055706024169922
3.1854233741760254
-0.36854109168052673
15.71796703338623
20.832677841186523
0.7420697212219238
-0.036194510757923126
-0.02231653407216072
-0.06194940581917763
0.3175017833709717
6.176105499267578
7.54238224029541
5.857415199279785
1.3572288751602173
1.1566317081451416
0.0
0.0
0.0
0.0
0.5103777647018433
24.115976333618164
0.0
-0.10455697029829025
19.194669723510742
15.079724311828613
8.951200485229492
1.5432482957839966
-0.29169195890426636
-0.01810350827872753
-0.28530511260032654
7.447702884674072
19.87305450439453
14.2472562789917
0.8024563789367676
-0.09213980287313461
-0.4329790472984314
7.435989856719971
10.57047176361084
12.456307411193848
2.6281354427337646
0.3197501003742218
-0.011444250121712685
-3.814749652519822E-4
1.2214804887771606
18.348556518554688
12.065651893615723
6.547232151031494
-0.24983283877372742
-0.2034987509250641
19.606826782226562
9.707813262939453
0.01841316930949688
0.0
0.007037830073386431
-0.010559991002082825
0.0
-0.10514438897371292
0.2359640896320343
-0.0018478393321856856
1.1029067039489746
2.9950594902038574
6.5982985496521
3.27030348777771
8.947000503540039
0.23945622146129608
-2.1328710136003792E-4
9.36662483215332
4.966949462890625
2.6265718936920166
20.5178279876709
20.724699020385742
0.24508418142795563
-1.0060635805130005
-0.2863747477531433
2.827094793319702
6.124320983886719
27.812942504882812
0.012790720909833908
0.5311641097068787
20.26835823059082
0.9012020826339722
0.007037830073386431
0.01578371599316597
0.0744108110666275
0.013097256422042847
3.7981677055358887
2.93715763092041
3.3948147296905518
0.044727325439453125
0.04246743395924568
-6.130714900791645E-4
-0.02758820168673992
-0.03371891379356384
0.0
-0.24285966157913208
69.98933410644531
-0.006190427578985691
15.715964317321777
6.21571683883667
17.899770736694336
-0.006668452639132738
1.2475115060806274
0.02737152762711048
0.0
0.027867577970027924
0.0
0.0
-0.13618144392967224
6.226675987243652
14.920693397521973
4.714673042297363
0.0
-0.48120439052581787
10.973799705505371
1.4738194942474365
-0.07050321996212006
1.4436663389205933
23.901456832885742
31.677541732788086
20.681900024414062
31.322086334228516
3.5562705993652344
43.10017395019531
7.041833877563477
10.732074737548828
-2.7717830380424857E-4
2.740280866622925
1.2019366025924683
18.773242950439453
0.2840626835823059
0.02709435112774372
0.361831933259964
0.339047908782959
0.00939137116074562
0.0
0.0
-9.464248432777822E-4
0.009975608438253403
0.0
0.0
19.604555130004883
10.298940658569336
43.804656982421875
-0.03179009631276131
-0.002851166296750307
0.04046701639890671
-0.6603696346282959
19.096534729003906
7.215178489685059
0.03735310584306717
0.0
0.030656779184937477
0.03744550049304962
0.0
0.009298978373408318
0.01869034580886364
-9.239226346835494E-5
-9.324158309027553E-4
-0.0076338909566402435
0.0
-0.022125544026494026
9.138246536254883
10.85310173034668
3.5812556743621826
-0.11448923498392105
9.711222648620605
13.07335090637207
50.57612991333008
0.48924317955970764
-0.003992125391960144
0.1172521561384201
17.864810943603516
0.6006940007209778
0.20033901929855347
34.59294891357422
0.1542356014251709
0.08106573671102524
0.7635552883148193
0.12944340705871582
-0.69246906042099
38.97569274902344
2.9663188457489014
-9.239226346835494E-5
0.0
2.4637787342071533
10.280763626098633
1.058823823928833
1.4584486484527588
0.7190913558006287
-0.0046051982790231705
-0.21510277688503265
4.636796474456787
42.43730926513672
20.904626846313477
15.04766845703125
20.08631706237793
3.240994453430176
0.0
0.0
0.0
7.408660411834717
9.365081787109375
0.028174111619591713
0.00939137116074562
0.9006929993629456
0.01878274232149124
0.0
0.0
11.563189506530762
37.133602142333984
0.0
0.0
0.0
7.3085618019104
34.36779022216797
5.936732769012451
1.0900890827178955
0.0
1.3191012144088745
25.23814582824707
23.60565948486328
12.06080150604248
25.665332794189453
0.08575303852558136
0.0
-3.0653574503958225E-4
0.0
0.0
-3.0653574503958225E-4
0.0
0.0
0.08366387337446213
28.115516662597656
27.08485984802246
0.007037830073386431
38.285377502441406
-5.517752724699676E-4
12.527535438537598
20.686731338500977
1.7702480554580688
23.090070724487305
17.14790153503418
15.397269248962402
8.359992980957031
10.115449905395508
2.054737415164709E-4
-0.013304473832249641
3.373694896697998
0.04749749228358269
23.382469177246094
0.20793385803699493
1.1893121004104614
13.415294647216797
27.540111541748047
10.55993938446045
0.0
2.7096071243286133
32.25870895385742
11.460933685302734
4.69569730758667
1.1400161981582642
0.33589598536491394
8.311150550842285
21.941539764404297
13.394974708557129
0.18625308573246002
0.0
26.51255989074707
4.373379230499268
0.1128876805305481
-0.033080197870731354
-0.005089260172098875
-0.008859219029545784
61.460784912109375
0.8385161757469177
-6.130714900791645E-4
0.0
0.0
-0.06375378370285034
-0.0016988319111987948
3.0725860595703125
11.416085243225098
10.550599098205566
6.859261989593506
23.811553955078125
0.44299378991127014
-0.0016630592290312052
0.0
5.13256311416626
11.383672714233398
0.7427127957344055
13.082974433898926
-0.30892494320869446
9.46937370300293
4.798495769500732
29.81181526184082
-0.0029414526652544737
1.3218034505844116
31.29241371154785
26.51546859741211
4.967731475830078
22.883350372314453
0.0
0.1456097513437271
4.552803993225098
8.073076248168945
-0.03459081053733826
0.0
6.431972980499268
5.469213485717773
-0.16478124260902405
0.0
-3.0653574503958225E-4
26.065824508666992
12.46796989440918
-0.07755906134843826
25.4865665435791
53.218875885009766
6.638720989227295
0.0
0.0
0.0
-0.02899209037423134
-0.02697513997554779
6.039486408233643
5.080129623413086
-0.0067763845436275005
1.1074994802474976
7.701433181762695
1.2249794006347656
-0.009502606466412544
0.0
0.0
2.73199725151062
9.370342254638672
42.89983367919922
0.3636218309402466
0.0
1.3147919178009033
0.6454111933708191
5.064367294311523
11.912182807922363
4.67080099042505E-4
-0.040714081376791
15.965516090393066
15.564675331115723
0.0
32.1479377746582
10.095601081848145
0.0
0.0
1.2869991064071655
0.08606410026550293
0.0
0.0
0.0
0.0
13.715213775634766
0.4216824173927307
0.2917400300502777
8.81582260131836
2.649441719055176
4.5580925941467285
12.494226455688477
8.23302936553955
25.132118225097656
2.254796266555786
0.20398090779781342
1.3537768125534058
1.5684833526611328
0.18314394354820251
0.3121345043182373
16.331954956054688
0.27126988768577576
0.16707617044448853
103.33287811279297
5.6572957038879395
0.4800068140029907
7.3906426429748535
22.941770553588867
7.872138500213623
12.528602600097656
0.02805413119494915
-0.6139853596687317
4.823370933532715
12.559854507446289
11.178959846496582
2.6810057163238525
0.0
-0.17626990377902985
26.962326049804688
5.479208469390869
0.8240346908569336
11.437713623046875
14.846380233764648
11.535868644714355
12.45541763305664
0.18551085889339447
-0.47197550535202026
3.006317138671875
4.898785591125488
0.0
1.879152536392212
0.06384800374507904
29.580928802490234
2.2363080978393555
-0.005089260172098875
-0.05119912326335907
-0.32093000411987305
-0.29980048537254333
-0.04044545069336891
1.793175458908081
0.0
-0.28921666741371155
1.6390048265457153
0.49528199434280396
0.00939137116074562
3.742164373397827
28.39713478088379
1.8527066707611084
0.39552775025367737
-9.89367690635845E-5
-9.239226346835494E-5
0.0
1.674943208694458
0.26187312602996826
-0.004291501361876726
0.0
0.003862980520352721
-6.130714900791645E-4
0.0
-0.006447994615882635
-0.3599247634410858
22.789112091064453
0.043998152017593384
0.0
0.0
-0.005218270234763622
-0.14222215116024017
-0.6956362128257751
2.078529119491577
0.824434220790863
15.144072532653809
10.736297607421875
31.156959533691406
28.688833236694336
2.6087558269500732
0.006456237286329269
0.013097256422042847
0.0681726336479187
1.3803353309631348
3.7959542274475098
1.1694234609603882
0.024396127089858055
-0.010225978679955006
0.0
-0.009387921541929245
-0.0073711867444217205
-0.03562481701374054
0.0
-0.0026370221748948097
-0.38577955961227417
4.073526859283447
0.838842511177063
-0.45750269293785095
-0.004743001889437437
-0.32504168152809143
41.61128616333008
2.9021406173706055
-9.196068858727813E-4
0.0
0.0
-9.239226346835494E-5
-9.239226346835494E-5
-9.239226346835494E-5
0.0
2.852576494216919
1.0599788427352905
38.08084487915039
8.699399948120117
6.015820503234863
9.252613067626953
0.351274698972702
0.6474743485450745
0.9280569553375244
4.931346416473389
18.30499839782715
0.23839297890663147
13.270520210266113
3.7447540760040283
0.0841623917222023
0.10606089234352112
26.746871948242188
6.936723709106445
1.9365408420562744
0.14032210409641266
-0.039623964577913284
8.414777755737305
-0.03767453134059906
-0.026589835062623024
-1.97873538127169E-4
-0.1351517289876938
-0.5045830011367798
-0.07366617023944855
-0.020577285438776016
0.011190528981387615
-0.008867242373526096
-0.004084520507603884
-0.0010119988583028316
-9.239226346835494E-5
0.01276133581995964
20.83936882019043
1.2390639781951904
0.08903719484806061
62.632972717285156
0.0
-4.913200973533094E-4
0.0
0.0
0.0
4.619431972503662
29.03136444091797
0.12171823531389236
0.013207883574068546
-9.239226346835494E-5
0.0
0.1898253709077835
7.375097751617432
13.518362998962402
1.058502435684204
5.84675931930542
1.1208910942077637
-0.04934149980545044
-0.04147263616323471
-0.0030653567519038916
-0.1523064821958542
-9.239226346835494E-5
0.01964588463306427
0.013097256422042847
0.00573323480784893
-0.018323462456464767
-0.39958351850509644
4.889349460601807
0.0035494391340762377
0.0
-0.170669823884964
0.0
-0.004391056019812822
0.0
0.0
2.417637348175049
3.742093563079834
6.440136909484863
-1.8478452693670988E-4
0.0
0.0
0.0
0.0
-0.04267954081296921
-0.736009418964386
17.158491134643555
22.4415225982666
0.029329420998692513
-1.97873538127169E-4
-0.006456886418163776
1.595423698425293
2.6783125400543213
0.933888852596283
-0.15710577368736267
0.0375857800245285
0.0
0.0
-0.004755078349262476
-0.0030653567519038916
0.0
19.684539794921875
5.787016868591309
11.934308052062988
0.694513201713562
0.0
0.0
0.0
0.0
1.5817668437957764
0.33150503039360046
0.0
0.0
4.472010612487793
5.213813781738281
0.10549500584602356
0.33245909214019775
13.264656066894531
0.6647279858589172
-0.013231449760496616
0.17077548801898956
-0.08657677471637726
3.7843728065490723
0.10926684737205505
0.0
0.14032424986362457
0.6708216071128845
0.2649815082550049
11.475907325744629
19.800243377685547
3.4861063957214355
0.0
42.833839416503906
1.0393962860107422
2.1196391582489014
-0.0076338909566402435
0.0
0.0
0.0
0.0
0.0
0.0
4.902094841003418
4.274395942687988
16.978776931762695
0.280346155166626
0.0
0.0
17.746370315551758
85.72061920166016
0.6776313781738281
0.0
-0.025446292012929916
0.6573028564453125
-0.006130713503807783
34.10778045654297
4.28053092956543
-0.01017852034419775
-0.08651746809482574
1.4507976770401
6.497376918792725
1.93666410446167
0.8349671959877014
0.0
0.0
-0.01926199160516262
-0.5714536905288696
24.265642166137695
3.3838717937469482
0.0
2.342115640640259
21.41620635986328
22.962060928344727
0.30021727085113525
0.0948440209031105
0.0
0.0
0.0
29.616697311401367
9.91666030883789
0.5057075023651123
21.803205490112305
1.6645487546920776
-0.08845418691635132
0.0
-0.045153871178627014
0.0
0.1211940124630928
0.03897484391927719
24.273725509643555
-0.0015326783759519458
0.0
0.0
30.266284942626953
0.0
1.883940577507019
70.0953369140625
0.0761621966958046
4.637622833251953
61.02088928222656
52.70005798339844
0.044312480837106705
0.0
-0.0018277986673638225
0.9080618619918823
48.86083984375
5.033294200897217
6.919589519500732
0.0
0.0
0.0
0.0
1.2785663604736328
0.5598256587982178
2.3933181762695312
23.30617904663086
1.510175347328186
0.0
0.0
0.0
0.0
0.0
3.46103572845459
1.4200340509414673
8.324010848999023
0.23214775323867798
2.857008457183838
5.693659782409668
0.30184298753738403
4.923742771148682
2.400682210922241
0.503444254398346
-0.048347946256399155
-0.005528386682271957
-0.030872447416186333
0.994670569896698
2.0936410427093506
5.395148754119873
0.16688767075538635
3.1521739959716797
26.69664764404297
0.060824938118457794
0.00939137116074562
-0.07607395946979523
3.1154000759124756
8.215472221374512
1.2013187408447266
9.075491905212402
1.0258548259735107
0.9955016374588013
7.07185173034668
36.30921173095703
5.54032039642334
0.1930297464132309
0.03238935023546219
-0.002072457689791918
-0.005089260172098875
1.217308759689331
0.09197032451629639
-3.814749652519822E-4
14.529352188110352
18.557430267333984
0.3630830645561218
0.04743153601884842
-0.0017065078718587756
-9.239196660928428E-4
0.1206020787358284
0.0
-0.001226142980158329
-0.021698804572224617
-0.003371892496943474
0.0
0.06683110445737839
3.454483985900879
-0.09186297655105591
-0.8980695009231567
0.0
0.0
3.560547113418579
0.0
0.0
0.0
-0.05660518258810043
2.1764063835144043
10.069923400878906
-0.015267781913280487
0.0
-0.02305229753255844
5.038136005401611
8.003337860107422
0.5493828654289246
0.8382102847099304
-0.07937033474445343
-0.25586721301078796
0.13959796726703644
5.203996181488037
0.03606970235705376
0.04282282292842865
0.0
0.00939137116074562
0.0
0.0
-0.2656351327896118
2.1005752086639404
2.478088140487671
0.11269644647836685
0.507133960723877
-0.04406747594475746
0.3979853391647339
5.304511070251465
0.6392139196395874
0.29890164732933044
-0.00689490744844079
0.02234947867691517
0.3671974241733551
5.906379699707031
1.6023637056350708
0.49409356713294983
0.1541733741760254
0.0
-0.0025446300860494375
-0.014778904616832733
0.03855891153216362
2.081056833267212
2.552884817123413
35.202728271484375
0.17136512696743011
0.0
2.5461442470550537
34.54124069213867
0.17339912056922913
0.061313558369874954
-1.8478452693670988E-4
-9.239226346835494E-5
0.013097256422042847
-3.0653574503958225E-4
9.169166564941406
10.775666236877441
0.0
0.0
17.06277084350586
14.447443962097168
-0.016660017892718315
18.183332443237305
31.302371978759766
0.47354575991630554
-0.01728699915111065
0.013032112270593643
5.1761474609375
2.4511311054229736
19.094541549682617
-0.0419219471514225
1.5233839750289917
0.03047199174761772
-1.8478452693670988E-4
-9.239226346835494E-5
0.0
-0.011359731666743755
-0.18903851509094238
3.1630024909973145
18.80278778076172
15.70925235748291
16.361434936523438
1.1668905019760132
0.01869034580886364
-9.239226346835494E-5
-0.005528386682271957
-0.005713174119591713
-0.027709228917956352
0.18736444413661957
-0.24198612570762634
0.09554973244667053
0.008798589929938316
0.002770642749965191
-0.0038703775499016047
0.7562590837478638
7.562067031860352
9.891255378723145
43.70214080810547
1.5659512281417847
0.4786357581615448
0.0
-0.006233855616301298
0.0
-0.03657013922929764
0.23593176901340485
-9.239226346835494E-5
-7.054632878862321E-4
-0.022098349407315254
0.7063196897506714
-0.04572277143597603
16.18370819091797
6.366560935974121
-0.13413536548614502
6.216006278991699
1.6878740787506104
0.06081385165452957
-0.09570806473493576
9.111350059509277
9.750256538391113
7.315420150756836
17.425729751586914
-0.0024945789482444525
-3.9892763015814126E-4
0.0011793853482231498
11.149395942687988
0.08918290585279465
-0.007181533146649599
-1.8478452693670988E-4
0.0
0.44470614194869995
2.904750347137451
29.72323226928711
8.887446403503418
2.123506546020508
-0.012135284021496773
0.052018146961927414
0.29836347699165344
-0.01781240850687027
0.0
0.0
0.0
-0.005089260172098875
0.0
-0.0037779859267175198
0.0
-0.1865101009607315
12.229686737060547
23.933656692504883
4.20768928527832
0.12837497889995575
0.0
0.0
0.0
0.0469198077917099
17.332643508911133
0.3039371371269226
-0.0036855933722108603
-3.0653574503958225E-4
-1.8478452693670988E-4
0.0
0.0
0.0
0.0
-0.01938028819859028
0.34146201610565186
3.5940921306610107
10.705650329589844
-0.007795476820319891
3.3693110942840576
2.8354289531707764
3.7981204986572266
-9.239226346835494E-5
0.0
0.10136169195175171
0.900970458984375
9.926972389221191
0.0
-9.239226346835494E-5
0.0
0.0
0.19704994559288025
2.4624717235565186
1.5138236284255981
0.0
0.0
0.0
-0.19479535520076752
1.589008092880249
5.722556114196777
10.337850570678711
15.522011756896973
24.00234603881836
16.392160415649414
9.45226001739502
0.056015871465206146
0.0
0.0
0.0
5.083127975463867
26.182266235351562
12.642414093017578
20.325523376464844
9.519612312316895
-0.0036855933722108603
0.0
7.84666633605957
10.388423919677734
12.406295776367188
-9.196068858727813E-4
0.0
-0.004291501361876726
0.0
-0.00459803594276309
-0.028767133131623268
0.09408068656921387
0.0
0.0
0.21057634055614471
3.8173460960388184
1.9185819625854492
-0.03263397514820099
29.308271408081055
1.865180253982544
0.0
2.2449519634246826
63.41896438598633
0.0
10.001474380493164
0.0
0.0
0.0
0.14295338094234467
22.994470596313477
10.208942413330078
3.6161575317382812
2.572899103164673
0.0
0.0
-0.021961739286780357
3.288628101348877
0.12262711673974991
0.0
-0.21011921763420105
23.24405860900879
-0.29075950384140015
23.062557220458984
0.0
0.0
3.4082374572753906
39.1717643737793
10.581706047058105
22.337020874023438
6.770345211029053
0.0
1.1169551610946655
0.568932294845581
3.2383508682250977
0.29145941138267517
0.0
0.08644193410873413
0.0
0.0
0.0
-0.0019073747098445892
-0.010179235599935055
4.957620620727539
3.2414934635162354
0.38209080696105957
0.2420842945575714
0.0
0.0
0.6732991337776184
0.0
0.04259779676795006
1.778939962387085
12.344311714172363
21.20490837097168
2.156811475753784
2.0841314792633057
1.5720828771591187
0.8458564281463623
-0.1755795031785965
-0.01781240850687027
0.0
0.0
-0.2701450288295746
2.7971603870391846
0.0
-0.13907553255558014
13.390917778015137
0.5189842581748962
0.01279314886778593
-0.05106121674180031
-0.027810974046587944
0.24220183491706848
0.0
-0.0015326783759519458
0.0
0.05252429470419884
-0.01042221300303936
-0.7874365448951721
0.0
0.0
2.4445009231567383
2.437652587890625
2.9227523803710938
0.0
-0.0027717528864741325
0.2647654414176941
0.49533817172050476
26.62339210510254
0.14195594191551208
0.0
0.0
0.0
6.245859622955322
14.124295234680176
0.0
0.0
0.0
-0.0029436047188937664
0.0
0.0
0.0
1.4388720989227295
13.014259338378906
0.3511195778846741
0.0
0.0
0.3294426500797272
9.731487274169922
-0.0147137101739645
2.5364954471588135
2.835050106048584
3.750554323196411
1.042563796043396
0.0
0.07513096928596497
4.635543346405029
-0.0011444251285865903
-0.02658724971115589
-0.15050996840000153
3.800443410873413
6.893596649169922
2.642237901687622
0.5719638466835022
0.5335073471069336
0.03294212371110916
0.0
2.3757965564727783
0.030740363523364067
0.6860097050666809
0.0
-3.0653574503958225E-4
-1.7957674572244287E-4
0.0
2.8237953186035156
19.2830753326416
4.522326946258545
0.45132726430892944
0.984146773815155
-0.005089260172098875
-0.011056773364543915
0.0
0.0
0.0
0.0
0.0
-0.03818931803107262
0.11419419199228287
0.03756548464298248
-0.004196225665509701
30.346027374267578
29.009119033813477
2.5745174884796143
1.7318223714828491
0.909087598323822
-3.0653574503958225E-4
0.036130476742982864
0.0
-0.0334123857319355
10.354745864868164
19.594730377197266
6.616949081420898
0.0960053950548172
0.0
0.0
-0.03265800327062607
-0.032466381788253784
0.6459412574768066
-0.06574372202157974
34.362918853759766
52.41325378417969
8.564858436584473
1.1708370447158813
3.0791640281677246
1.2804627418518066
2.686168909072876
25.75428009033203
13.050694465637207
0.605282723903656
-1.7547435760498047
2.8680288791656494
12.714125633239746
6.441325664520264
21.091140747070312
2.8732192516326904
0.013004864566028118
0.0034169272985309362
1.0056250095367432
11.915928840637207
0.45578786730766296
-1.8478452693670988E-4
0.01964588463306427
0.0
22.33574676513672
2.7416553497314453
1.2624757289886475
4.666553497314453
0.009298978373408318
1.043007493019104
-0.0020275795832276344
-0.0018427966861054301
-1.8478452693670988E-4
0.0
-0.030531542375683784
-0.9011978507041931
12.628535270690918
4.86081600189209
9.99521541595459
13.27224349975586
0.5925344228744507
24.005050659179688
3.22381854057312
-0.38844484090805054
3.548597812652588
0.275199830532074
1.4648267030715942
75.92159271240234
42.52069854736328
7.255276679992676
21.12461280822754
-2.3290247554541565E-5
-1.8478452693670988E-4
3.7154622077941895
1.9247496128082275
-2.7717830380424857E-4
-0.0020275795832276344
0.0
-1.8478452693670988E-4
-0.01697426848113537
3.4995594024658203
-0.009266171604394913
0.2491615116596222
-3.0653574503958225E-4
-0.09990120679140091
-0.13466157019138336
-0.15375345945358276
-0.0065001933835446835
-9.239226346835494E-5
-0.08980195969343185
-0.014844441786408424
2.6553738117218018
39.92894744873047
9.466754913330078
50.257057189941406
2.259709119796753
21.853553771972656
12.7349214553833
10.18327522277832
2.172196626663208
3.6210570335388184
0.01878274232149124
0.0
-0.0036855933722108603
-0.0019351887749508023
0.015960292890667915
5.163635730743408
2.626089572906494
5.722166538238525
0.24165675044059753
0.5371866226196289
-0.0027294144965708256
-0.278641015291214
-9.239226346835494E-5
3.3458428382873535
7.287840366363525
0.1853972226381302
0.28028759360313416
0.00939137116074562
-7.054632878862321E-4
0.0
-2.7717830380424857E-4
-0.0019351887749508023
-0.005089260172098875
0.0
-0.0022888502571731806
11.068758964538574
36.37953567504883
1.4058170318603516
-2.7717830380424857E-4
-9.239226346835494E-5
4.612663745880127
30.482057571411133
3.7841784954071045
0.702725887298584
-0.008164500817656517
0.30765339732170105
-0.0038703775499016047
-0.0019351887749508023
-0.0020275795832276344
0.0
0.0
-9.239226346835494E-5
0.0
0.0
0.0
0.0
0.0
1.8040077686309814
26.090478897094727
6.333227634429932
3.3720450401306152
1.7905657291412354
0.1333145946264267
0.010403897613286972
0.013997096568346024
-9.239226346835494E-5
-0.005089260172098875
-0.008705764077603817
8.366138458251953
0.14459475874900818
0.013462587259709835
26.747102737426758
10.669463157653809
-0.1552409529685974
20.25128936767578
0.3312951922416687
0.0
-0.0036855933722108603
3.042936086654663
1.4465234279632568
34.884037017822266
16.454984664916992
25.03877830505371
5.761968612670898
-0.00793263129889965
7.7055864334106445
6.536655426025391
-1.8478452693670988E-4
0.0
0.0
0.6075500845909119
3.5158963203430176
39.6464958190918
2.3749632835388184
0.0
0.953506350517273
23.902820587158203
0.7911138534545898
0.12008247524499893
2.900496244430542
9.409048080444336
1.2753154039382935
0.2919788360595703
0.11264215409755707
0.02805413119494915
8.12296199798584
20.850915908813477
0.06810227781534195
0.0
0.0
-0.0076338909566402435
5.513852119445801
3.927502393722534
0.0
-6.380132399499416E-4
42.85643768310547
47.05809783935547
0.9642370343208313
4.065426349639893
34.24811553955078
5.539729595184326
0.7601422667503357
-2.7717830380424857E-4
0.007037830073386431
0.0
29.38186264038086
13.018661499023438
40.75426483154297
43.155269622802734
2.7566163539886475
0.18394064903259277
0.0
-0.16825425624847412
10.655016899108887
7.042957782745361
0.0
9.25462818145752
0.0
1.0361711978912354
42.360748291015625
1.5592410564422607
0.00939137116074562
1.105830192565918
0.28548547625541687
0.0
0.0
0.03397656977176666
10.061454772949219
8.46015453338623
17.417875289916992
-0.08730455487966537
0.0
0.3214449882507324
4.937197685241699
0.0
0.0
0.0
2.251068353652954
-0.08212457597255707
8.632396697998047
6.857219219207764
7.718018054962158
0.7597871422767639
0.0
0.0
3.5127174854278564
25.058353424072266
5.822898864746094
0.0
0.0
0.0
0.0
0.40710577368736267
2.967402219772339
1.6204050779342651
0.0
-0.052614085376262665
6.248325824737549
10.114886283874512
0.07956285774707794
-0.0027588224038481712
-0.004904571920633316
2.086550712585449
0.10330508649349213
0.0
0.0
0.0
-0.033170320093631744
2.248786687850952
14.335223197937012
0.5068859457969666
-0.019629379734396935
1.7953972816467285
-0.018691951408982277
0.16904465854167938
2.6181583404541016
21.751216888427734
1.2079099416732788
0.0
0.0
-0.005089260172098875
1.7947478294372559
3.7375481128692627
1.0805151462554932
24.513492584228516
2.731494188308716
17.905546188354492
0.007037830073386431
0.0
0.0
0.0
0.0
3.583876132965088
0.15021926164627075
5.120942115783691
0.4593183994293213
0.48818618059158325
7.571578502655029
1.445002555847168
4.122478485107422
5.264081001281738
9.171684265136719
6.694462299346924
14.383793830871582
-0.6592984795570374
8.324755668640137
5.784357070922852
10.47533893585205
8.841337203979492
6.990694999694824
0.0
1.1221652030944824
0.07681798189878464
0.0
0.11381135880947113
-0.12723155319690704
0.0
0.0
0.09414765983819962
0.41036683320999146
21.98796844482422
4.6304545402526855
0.046956852078437805
0.0
1.5139851570129395
5.576103576458991E-4
-0.6258688569068909
1.29867684841156
0.057097095996141434
12.904899597167969
9.957682609558105
1.8694040775299072
-0.04386267438530922
-0.05852649360895157
25.603378295898438
4.313938617706299
0.4805203676223755
0.6654879450798035
11.113990783691406
2.295412063598633
12.26823616027832
0.1426822543144226
0.0
6.129190444946289
9.255274772644043
0.7820130586624146
3.64361310005188
0.5720033645629883
0.0
0.0
0.0
1.5146267414093018
3.8837788105010986
0.0
0.0
-0.001226142980158329
-0.01723547652363777
0.0
0.0
0.0
-0.31481704115867615
22.596925735473633
41.94352722167969
3.807433843612671
0.5264798998832703
11.508027076721191
12.178577423095703
-0.05854354426264763
0.8237687945365906
-0.004904571920633316
11.401395797729492
18.591306686401367
0.4214381277561188
0.0
0.0
0.0
-0.07379426807165146
0.01878274232149124
0.0
6.328978538513184
0.087894506752491
1.1964160203933716
5.522774696350098
8.8206205368042
-0.18187330663204193
-0.008461247198283672
-3.0653574503958225E-4
-0.06218043714761734
3.352139472961426
2.310448169708252
0.25900962948799133
0.0
0.0
0.0
7.954585552215576
14.63815689086914
0.0
0.014274273999035358
-0.07240227609872818
5.259311676025391
0.0104962894693017
0.0030327176209539175
-0.0019351887749508023
-9.239226346835494E-5
0.0
-0.11388952285051346
1.4576923847198486
3.1209497451782227
-9.239226346835494E-5
-9.239226346835494E-5
-0.044319503009319305
11.47951602935791
1.6573851108551025
1.693866491317749
4.350951671600342
0.15983186662197113
0.04986065253615379
0.0
-9.239226346835494E-5
0.0
-9.239226346835494E-5
-0.0038703775499016047
2.2499337196350098
31.34282684326172
0.8701441287994385
0.061313558369874954
0.0
0.027628937736153603
-0.0647016391158104
0.01858268678188324
-1.8478452693670988E-4
1.488752841949463
0.13224288821220398
13.292115211486816
12.74755573272705
0.8152134418487549
0.04557489976286888
-0.45344358682632446
8.310075759887695
1.8387038707733154
0.014181881211698055
0.012241647578775883
0.0
0.0
6.451223373413086
18.270862579345703
0.07052014023065567
-1.8478452693670988E-4
0.022714639082551003
0.32234033942222595
13.620823860168457
0.08939526230096817
1.0140180587768555
-0.025397030636668205
0.0
24.223054885864258
34.374267578125
6.043785572052002
0.6381714940071106
0.13349716365337372
28.132450103759766
1.9632283449172974
0.21190239489078522
-0.0025446300860494375
-0.004111340269446373
-0.020839953795075417
0.3295205533504486
0.022373870015144348
0.04867568239569664
0.028030410408973694
0.0377754308283329
0.01613044925034046
0.0
11.593711853027344
0.2904581129550934
-9.239226346835494E-5
1.0429165363311768
-9.196068858727813E-4
1.0009205341339111
7.3466901779174805
4.297502517700195
0.8892768025398254
0.01858268678188324
0.01154486183077097
0.0
0.018675081431865692
0.0
0.0
2.0953423976898193
12.790724754333496
71.79622650146484
20.620946884155273
17.038978576660156
6.06672477722168
-0.03366164490580559
0.0
0.0
-1.8478452693670988E-4
0.0
0.006945437751710415
-9.239226346835494E-5
6.207347393035889
5.509415149688721
-0.03187970817089081
-0.1975279003381729
18.455293655395508
1.6058070659637451
1.8951956033706665
0.08221853524446487
0.09647896885871887
13.457603454589844
34.47938919067383
8.005377769470215
3.437638759613037
0.5310651063919067
-0.025057153776288033
-0.011056773364543915
0.0
0.0
0.0
0.0
0.05885545536875725
5.167304039001465
0.04742744565010071
0.0
0.0
3.2882628440856934
0.5371097922325134
18.206710815429688
1.8569122552871704
-0.00960216298699379
0.33798646926879883
0.046956852078437805
0.0
0.0
32.089332580566406
0.590042769908905
0.0
-3.0653574503958225E-4
3.457115650177002
1.07034432888031
21.9891414642334
16.36774444580078
0.0
0.0
0.0
6.574057579040527
6.682293891906738
0.1360722929239273
0.422563761472702
-0.0156662929803133
0.0
0.0
0.0
0.9071459770202637
0.4604973793029785
0.00939137116074562
-0.011641276068985462
1.26370108127594
-0.0025446300860494375
-0.03036034107208252
3.5924675464630127
10.132959365844727
0.0
0.18394064903259277
0.0
0.0
20.479034423828125
1.2213984727859497
-0.17049019038677216
-0.011056773364543915
10.056794166564941
23.796300888061523
0.03756548464298248
-0.20024359226226807
6.984166145324707
-0.06715390086174011
0.0
-0.0030653567519038916
0.0
0.0
0.0
0.394121915102005
0.6576097011566162
0.0
-0.001226142980158329
15.282999992370605
-0.537723958492279
4.115436553955078
4.527372360229492
-0.0076338909566402435
-0.005089260172098875
-0.0203570406883955
45.13283157348633
4.771203994750977
0.0
0.0
0.0
-0.005089260172098875
-0.09868299961090088
0.0
0.0
0.0
-0.0334123857319355
5.036514759063721
51.35166931152344
36.037662506103516
8.981391906738281
0.006846740376204252
0.0
0.0
0.0
27.813867568969727
12.68589973449707
1.847602128982544
8.377653121948242
2.7181708812713623
-0.5037188529968262
0.0
0.0
-0.008392451331019402
0.0
4.132203102111816
23.473651885986328
0.23937280476093292
0.0
0.0
1.3218843936920166
-0.23156127333641052
0.01878274232149124
0.0
-0.41497692465782166
2.961162567138672
0.08105378597974777
0.0
7.2543721199035645
20.799089431762695
5.218204498291016
11.839303970336914
0.0
1.6384652853012085
20.542888641357422
0.29220345616340637
18.017314910888672
0.0
0.0
0.0
0.0
1.1394615173339844
0.0
0.028174111619591713
7.017931938171387
22.266231536865234
41.03089904785156
6.966804504394531
0.10413637012243271
0.0
0.0
0.0
2.8212318420410156
14.64403247833252
5.335824489593506
0.19821493327617645
0.030656779184937477
0.0
0.0
7.747979164123535
7.168920516967773
6.337224006652832
3.189195394515991
0.0
0.0
-0.0011444251285865903
5.422926902770996
2.9130795001983643
17.308069229125977
1.3649650812149048
10.669533729553223
0.6751295924186707
-0.0036855933722108603
1.1015009880065918
0.0
0.0
0.0
2.9422905445098877
19.112939834594727
3.688690185546875
-0.3155340552330017
0.0
-0.012723146006464958
1.869405746459961
0.031199045479297638
0.0
-0.00364058674313128
0.8392123579978943
1.5690171718597412
0.4008275866508484
22.349212646484375
0.4427807331085205
9.002155303955078
3.604511260986328
8.854155540466309
49.025821685791016
29.805957794189453
20.127635955810547
-0.047684378921985626
-0.22201839089393616
-0.3026411831378937
9.101744651794434
4.099010944366455
11.881643295288086
6.174767017364502
2.5594594478607178
0.9497717618942261
3.053490400314331
3.887822389602661
1.1789662837982178
10.91609001159668
5.679992198944092
0.013097256422042847
19.65240478515625
1.4903748035430908
0.6690333485603333
2.3646740913391113
3.671588897705078
35.57680892944336
1.2101274728775024
10.093618392944336
1.9521408081054688
1.5196590423583984
0.0
0.0443824864923954
-0.033168595284223557
1.7102397680282593
8.091879844665527
-0.13756340742111206
4.490319728851318
-0.06621170789003372
0.005331425927579403
20.156734466552734
0.4401877820491791
4.666281223297119
47.00963592529297
-0.2480357438325882
2.805413246154785
1.4358381032943726
13.564067840576172
5.5321431159973145
1.267003059387207
0.0
2.9370009899139404
0.5029309988021851
-0.07234775274991989
21.823152542114258
0.20806245505809784
0.021312104538083076
-9.239226346835494E-5
0.0
0.014274273999035358
-0.0065296427346765995
-0.07890072464942932
-3.0653574503958225E-4
-0.5543685555458069
6.758842945098877
10.935649871826172
2.501194715499878
-9.239226346835494E-5
-9.239226346835494E-5
0.015960292890667915
0.010588680393993855
10.951558113098145
23.1041202545166
-0.3679271340370178
-1.530075192451477
-0.542870819568634
37.54559326171875
12.923002243041992
-0.0025446764193475246
0.5082356333732605
0.07054086029529572
0.061619095504283905
0.5793784856796265
34.74935531616211
0.39015501737594604
15.728848457336426
41.595516204833984
2.0924808979034424
0.6739097237586975
0.007548574358224869
15.45838737487793
1.7225863933563232
8.93244743347168
1.2183468341827393
0.0
0.014181881211698055
0.0
-9.239226346835494E-5
-0.006437250413000584
0.34350717067718506
0.008362483233213425
0.06430108845233917
9.095650672912598
-1.8478452693670988E-4
-1.8478452693670988E-4
-9.239226346835494E-5
-9.239226346835494E-5
0.0
0.28498023748397827
2.451436758041382
17.153413772583008
12.032221794128418
0.8201743364334106
1.6266905069351196
4.802453517913818
4.726080894470215
16.03644371032715
0.0
0.49560773372650146
1.3937439918518066
-0.42020168900489807
-0.004904571920633316
-0.1759514957666397
-0.19556854665279388
6.848865032196045
0.04554339498281479
6.069791316986084
11.45612907409668
2.9532530307769775
0.15279047191143036
0.013798483647406101
0.12017954140901566
0.04184718802571297
0.025145331397652626
0.0
0.0
0.0
1.6963011026382446
38.835166931152344
11.825037956237793
86.71414184570312
9.072469711303711
0.030656779184937477
5.831707954406738
8.497223854064941
-9.239226346835494E-5
0.014089491218328476
0.04936623573303223
16.473098754882812
0.5757098197937012
-1.8478452693670988E-4
0.012246695347130299
34.700565338134766
32.83650207519531
0.0
0.1482454389333725
-0.0022500145714730024
-1.8478452693670988E-4
-9.239226346835494E-5
0.0
0.0
0.025537090376019478
-0.008257802575826645
6.332276821136475
33.40534210205078
3.233266830444336
3.6829957962036133
-0.02340344339609146
19.774381637573242
0.03738069161772728
0.03247359022498131
-0.34991878271102905
1.1997369527816772
0.0
0.0
0.0
0.0
-0.28132909536361694
1.2729883193969727
2.6221981048583984
-0.15051862597465515
7.367224216461182
0.17984141409397125
0.0
0.0
-0.09006910771131516
6.397390365600586
32.76742935180664
5.865330219268799
-0.013529639691114426
-9.239226346835494E-5
-0.015267781913280487
4.975289821624756
0.3083155155181885
10.893184661865234
1.3929798603057861
-0.08163918554782867
-0.0015326783759519458
0.30730950832366943
0.49089789390563965
-0.006359383463859558
-0.0025446300860494375
0.0
0.0
0.011325523257255554
-0.001226142980158329
-0.03499699756503105
0.4163404405117035
-0.017483938485383987
0.2505042254924774
11.18857479095459
28.153474807739258
0.1986730545759201
33.82620620727539
24.041065216064453
93.44697570800781
45.992488861083984
-6.130714900791645E-4
0.0
8.437952995300293
1.2156007289886475
0.014274273999035358
0.0
0.0
0.0
-0.0052443877793848515
2.685983896255493
5.5055670738220215
-0.5557339787483215
5.463018417358398
2.7275943756103516
-0.004967554472386837
2.8804070949554443
15.511977195739746
16.896406173706055
21.572620391845703
0.05762795731425285
16.588773727416992
20.709909439086914
2.449537515640259
0.0
-1.8478452693670988E-4
0.0
4.253629207611084
-0.01256536040455103
-0.06906888633966446
0.0
-0.0076338909566402435
-0.08635599166154861
-0.13278330862522125
0.6841207146644592
17.42909812927246
22.610780715942383
9.67982006072998
49.865989685058594
12.288942337036133
3.090831995010376
0.4973583519458771
0.5211651921272278
-0.033080197870731354
0.0
0.0
0.06721797585487366
1.3477648496627808
7.956295967102051
-0.01289598923176527
0.0
42.713478088378906
0.21292120218276978
0.0
0.0
6.4965996742248535
15.9798583984375
0.29549649357795715
0.0
0.0
0.0
2.1544089317321777
21.535385131835938
2.749495267868042
-0.05089258402585983
0.0
0.0
0.0
0.0
0.0
0.0
0.0
18.222381591796875
4.302029609680176
0.056224286556243896
-6.130714900791645E-4
0.0
0.0
29.85672378540039
1.0919455289840698
0.0
0.0
-0.02207057923078537
0.028151320293545723
0.11135075241327286
0.0
14.4083251953125
0.6667872071266174
0.0
0.0
1.1591804027557373
-0.11239980906248093
21.97051239013672
9.151921272277832
1.0167807340621948
2.635305881500244
19.162038803100586
36.28542709350586
9.300750732421875
-0.04132714122533798
3.8533859252929688
-0.020373735576868057
10.446130752563477
2.0591330528259277
1.0883102416992188
0.0
-0.0030653567519038916
0.717858612537384
-0.006743784993886948
4.631494522094727
9.010872840881348
-0.01781240850687027
0.0
0.0
-0.032492779195308685
11.368281364440918
0.06325450539588928
14.28438949584961
1.3508914709091187
0.0
0.0
-0.022638965398073196
0.0
-0.07169166952371597
0.001675745123066008
-0.08381765335798264
-0.01781240850687027
0.8432009220123291
8.749898910522461
21.727344512939453
6.577511787414551
6.90667724609375
13.32439136505127
1.1658573150634766
0.0
0.0
0.0
0.0
3.162529468536377
12.688401222229004
25.95645523071289
5.686870098114014
1.3982843160629272
0.0
0.0
0.044267795979976654
2.7144463062286377
0.3101598024368286
-0.011319482699036598
0.04530209302902222
3.0955164432525635
0.0
0.1122165247797966
0.0952388271689415
-0.791679859161377
0.16099202632904053
-0.10866402089595795
0.8932662010192871
22.547311782836914
18.993066787719727
20.32563591003418
8.938314437866211
5.859236717224121
5.658280849456787
-0.11332663893699646
0.0
0.0
0.16904465854167938
2.0801005363464355
3.6520845890045166
3.3490543365478516
2.8394811153411865
0.1346452534198761
-0.0015326783759519458
0.0
0.0
0.0
0.3543443977832794
1.0130013227462769
0.5144529938697815
-0.0721970722079277
10.068803787231445
-0.0056853145360946655
-0.01017852034419775
0.0
4.316025257110596
12.766453742980957
0.6408365964889526
-0.04580333083868027
-0.21896469593048096
3.6606149673461914
1.8602885007858276
1.4304072856903076
0.028548547998070717
0.01878274232149124
0.0
0.0
0.0
-0.005089260172098875
1.5508934259414673
5.71769905090332
23.668251037597656
9.441889762878418
31.891403198242188
0.0
2.5560734272003174
0.39954596757888794
0.05322771519422531
-0.004609512165188789
-0.012062454596161842
-0.04019017517566681
22.226707458496094
0.10128428786993027
0.03549398481845856
-0.10688217729330063
2.53562068939209
7.486190319061279
5.207952499389648
37.86367416381836
0.7935841679573059
0.0
12.746789932250977
61.028533935546875
8.09228801727295
4.105045795440674
0.967317521572113
0.014181881211698055
0.014089491218328476
-1.8478452693670988E-4
0.014181881211698055
0.0
-0.036948319524526596
0.011556210927665234
-0.0081240339204669
-0.0044834497384727
-0.0052740443497896194
-9.239226346835494E-5
0.0
0.002403625752776861
0.0
0.0
-0.47595420479774475
0.0
-0.44073331356048584
0.09745187312364578
-0.0019351887749508023
-0.039320264011621475
1.656125783920288
53.42454147338867
5.163388729095459
0.0
-0.002309788716956973
0.013983268290758133
19.26315689086914
4.49756383895874
0.3082008957862854
10.654813766479492
12.961979866027832
7.280004024505615
11.857361793518066
18.32451820373535
0.0
0.012426437810063362
0.0
3.2781667709350586
1.295517921447754
-7.978552603162825E-4
0.0
0.0
0.25639835000038147
1.2561829090118408
4.208776473999023
1.2634872198104858
0.08164852112531662
0.10522180795669556
-0.003630519611760974
2.9113941192626953
36.25457000732422
24.294340133666992
8.032529830932617
0.541186511516571
0.009271889925003052
-0.00518609955906868
10.974861145019531
3.7538955211639404
0.028271371498703957
0.014181881211698055
0.0020670737139880657
7.965536594390869
1.6367518901824951
0.0
0.0019485678058117628
0.0
0.0
0.0
-9.239226346835494E-5
-9.239226346835494E-5
-9.239226346835494E-5
0.0
-0.0018143344204872847
0.25298959016799927
4.394131660461426
16.247907638549805
0.4617886245250702
-0.02363906055688858
-0.001104390830732882
0.011254461482167244
5.065572261810303
10.840804100036621
9.125476837158203
21.561983108520508
1.946195125579834
2.295755386352539
18.751693725585938
0.18139015138149261
0.027961740270256996
0.013812312856316566
0.0
1.412615418434143
0.08452232927083969
0.0
0.056348223239183426
0.0
4.650676250457764
22.36997413635254
-0.06107112765312195
-0.08966778218746185
-9.196068858727813E-4
6.356328964233398
43.32343292236328
27.203960418701172
0.35957762598991394
5.140843868255615
10.921150207519531
0.0
1.8601410388946533
-0.0016262579010799527
0.005633682943880558
0.0
-0.0131010040640831
6.734011173248291
0.0
0.0
0.0
0.0
0.0
0.8922742605209351
7.930521488189697
43.38298416137695
2.410961627960205
-8.325792150571942E-4
2.310741662979126
-7.391381077468395E-4
10.700811386108398
27.379192352294922
2.914341688156128
0.09197032451629639
0.0
-0.0073711867444217205
0.0
0.0
0.0
-0.002427057595923543
10.853994369506836
6.0307135581970215
9.16014575958252
0.33474186062812805
0.0
0.0
-0.09491905570030212
0.24842335283756256
-0.06867864727973938
9.438064575195312
0.10489171743392944
17.660293579101562
0.0
1.2265583276748657
15.689719200134277
0.5441920161247253
0.0
0.0
0.0
0.0
7.826356410980225
5.97612190246582
1.4451359510421753
27.13681411743164
26.722326278686523
23.71067237854004
1.2461979389190674
9.034369468688965
0.17654705047607422
0.0
0.0
11.252108573913574
6.660397529602051
15.12409782409668
10.215819358825684
82.74345397949219
14.170380592346191
0.20550142228603363
12.626629829406738
9.468619346618652
0.0
0.0
48.56709671020508
2.162898540496826
3.5981766995973885E-4
0.01274159550666809
22.592111587524414
10.858683586120605
0.0
2.992489814758301
5.402863502502441
-0.005089260172098875
11.6961669921875
0.41690003871917725
0.19920866191387177
0.47045189142227173
3.0256032943725586
0.059205323457717896
0.0
0.05669986829161644
0.48181411623954773
2.4413540363311768
3.7450828552246094
0.41688862442970276
-0.06658125668764114
0.01878274232149124
0.0
1.08177649974823
-0.02912469394505024
0.0
-0.13228373229503632
3.9180872440338135
2.8945345878601074
25.521757125854492
0.4474974274635315
0.01878274232149124
0.0
0.0
0.0
-0.03188353776931763
7.729278564453125
0.3301289975643158
0.5500250458717346
0.0
3.1742746829986572
12.670111656188965
4.146977424621582
-0.06662231683731079
0.0
0.0
0.0
0.0
0.07355975359678268
-0.11520887166261673
17.912418365478516
14.925216674804688
-0.07779788970947266
0.0
0.0
1.3458034992218018
1.9786064624786377
-0.022901665419340134
0.12208781391382217
0.7859972715377808
30.67638397216797
13.749517440795898
1.5377070903778076
0.0
0.0
0.6978563070297241
21.21249008178711
9.283066749572754
16.558866500854492
2.7325470447540283
3.2791190147399902
3.0990726947784424
1.639630675315857
0.1120949387550354
5.145244598388672
6.979308605194092
18.20062255859375
7.271947860717773
0.2145974189043045
0.0
-0.0076338909566402435
-0.005089260172098875
0.0
0.1446182280778885
0.12579300999641418
0.5749348998069763
24.230791091918945
2.500570297241211
2.5196163654327393
2.4784011840820312
1.9674460887908936
1.2850799560546875
2.478308916091919
1.5510557889938354
-0.1104830801486969
-0.005118848755955696
0.0
2.0204169750213623
0.0
6.264800548553467
14.317802429199219
0.0
0.0
0.0
-0.02076309733092785
8.737829208374023
0.6603397130966187
13.347684860229492
29.13344955444336
14.408258438110352
5.268890857696533
8.386627197265625
23.501415252685547
0.3396150767803192
0.997046172618866
7.462002277374268
0.8972848057746887
0.083977609872818
8.031694412231445
17.679397583007812
0.0
0.41343894600868225
1.3611128330230713
-0.018896443769335747
0.3605395257472992
0.44792553782463074
1.2633172273635864
0.556011438369751
5.588481426239014
2.2446553707122803
0.007552155293524265
0.41511014103889465
0.3649542033672333
0.8592833280563354
1.946596622467041
0.0
5.33028507232666
4.377143859863281
0.0
1.2192251682281494
2.986957550048828
-0.04325873404741287
1.9043090343475342
3.8293840885162354
6.204697132110596
0.0
0.0
-0.0025446300860494375
0.08303079754114151
0.762973964214325
0.0
0.32972511649131775
10.273926734924316
0.9869368076324463
0.010390067473053932
-0.26563987135887146
0.0
0.0
0.0
0.0
0.0
0.0
-0.06107112765312195
0.0
0.0
0.0
0.08322478085756302
7.916674613952637
-0.07770393788814545
0.04159129038453102
1.758360743522644
0.20388071238994598
-0.1782165914773941
-0.583649754524231
0.01878274232149124
0.0
0.0
0.0
-0.0839727520942688
0.0
0.011040559969842434
0.0
1.015061616897583
2.7931246757507324
0.0
0.0
0.8211389780044556
0.0
0.01396773662418127
3.4992988109588623
21.35091781616211
34.59133529663086
11.479555130004883
0.3455832898616791
-9.239226346835494E-5
0.0
4.5793890953063965
0.010588680393993855
0.014274273999035358
0.0
0.0
0.0
3.6265335083007812
0.00759722338989377
2.481111526489258
0.6999361515045166
-0.0026793908327817917
12.835396766662598
35.725303649902344
1.1691124439239502
0.14054100215435028
-0.0023305353242903948
0.0
0.0
-9.239226346835494E-5
-9.239226346835494E-5
-0.003992125391960144
11.766091346740723
0.34248802065849304
0.11863337457180023
0.0032598436810076237
0.2837681770324707
0.02706499584019184
-0.0025446300860494375
10.982765197753906
6.70953369140625
0.5703763961791992
0.01910681091248989
0.0232744999229908
-0.002452285960316658
0.6726932525634766
13.546253204345703
16.159635543823242
0.12262711673974991
0.014089491218328476
0.08428237587213516
0.01878274232149124
-0.9790486693382263
10.232869148254395
-9.239226346835494E-5
0.014181881211698055
-9.239226346835494E-5
-9.239226346835494E-5
-7.629499305039644E-4
-0.030347028747200966
12.777071952819824
32.69220733642578
17.088912963867188
1.1747386455535889
4.328811168670654
3.065169095993042
0.0
0.03682633861899376
-9.239226346835494E-5
31.934213638305664
13.570964813232422
0.06131478026509285
0.23223039507865906
0.014089491218328476
0.0
19.3477725982666
0.2559988796710968
0.0
0.0
0.0
0.0
0.8242809772491455
0.3553556501865387
0.0
0.0
2.4447782039642334
22.597929000854492
1.3642284870147705
0.09477866441011429
-0.022990170866250992
12.145188331604004
14.63969898223877
49.02243423461914
43.29132843017578
47.628562927246094
1.8484989404678345
-9.239226346835494E-5
0.0
-9.239226346835494E-5
0.0
0.0
10.956644058227539
14.445249557495117
29.550315856933594
0.17707134783267975
6.25577449798584
0.35232168436050415
0.0
-0.0036855933722108603
0.0
0.0
0.0
0.0
0.0
0.0
0.0
-0.7062009572982788
24.54224395751953
47.84522247314453
13.70149040222168
0.6262303590774536
-0.0073711867444217205
-0.355335533618927
50.43363571166992
6.480876445770264
18.3514461517334
14.961710929870605
64.44171142578125
11.139272689819336
1.0590492486953735
-0.0025446300860494375
0.2583458125591278
0.894332230091095
38.836997985839844
7.365611553192139
-0.02220594324171543
-0.0036855933722108603
0.0
10.06586742401123
9.805262565612793
-0.048347946256399155
-3.0653574503958225E-4
22.950334548950195
74.1134262084961
4.570572376251221
0.02628627046942711
4.354330062866211
5.067226886749268
0.0
0.0
-0.01532678958028555
33.309608459472656
1.371121883392334
0.4344053268432617
-9.239226346835494E-5
0.0
-0.10757596790790558
36.206031799316406
0.6900407671928406
0.0
14.479220390319824
1.0671290159225464
0.2732257544994354
0.07763509452342987
-0.033080197870731354
0.1426546275615692
0.0
6.877365589141846
0.028548547998070717
0.5344106554985046
26.189470291137695
1.5783278942108154
3.2129173278808594
0.0
0.0
0.0
-0.08960866928100586
-0.01532678958028555
0.0
2.7530319690704346
7.373732566833496
3.075958251953125
2.0172441005706787
12.198675155639648
40.442134857177734
-0.017612716183066368
3.478095769882202
21.398571014404297
0.0
2.628868579864502
65.52883911132812
8.638110160827637
14.40506649017334
0.0
8.186050415039062
14.819636344909668
27.09247589111328
8.602371215820312
57.153263092041016
2.0004167556762695
6.739114761352539
3.5217702388763428
0.6149303913116455
1.5346827507019043
5.375370502471924
5.80274772644043
26.334501266479492
4.971222877502441
0.249569833278656
30.90817642211914
0.09485838562250137
0.0
3.338202714920044
0.4748005270957947
2.0813217163085938
0.2239408642053604
20.96766471862793
4.066051006317139
40.946937561035156
6.66085958480835
0.0
0.0
0.0
6.475438117980957
0.11015181988477707
1.440447211265564
0.24255527555942535
1.112305760383606
6.62024450302124
-0.006609576288610697
17.41751480102539
13.472894668579102
2.9476912021636963
6.4090070724487305
-0.010644298046827316
0.0
3.7777187824249268
2.9487500190734863
-0.05931365117430687
0.0
0.0
23.795921325683594
52.38610076904297
16.14861297607422
6.934558391571045
0.180608868598938
4.321591854095459
0.16235175728797913
13.222055435180664
0.04852954298257828
7.2011237144470215
3.853541374206543
0.0
1.7822983264923096
33.63520812988281
5.538875579833984
11.288054466247559
19.67669105529785
1.5883036851882935
0.48936235904693604
0.2830648124217987
11.020273208618164
2.0875487327575684
0.06959256529808044
0.9009734988212585
7.4955902099609375
9.934601783752441
8.06845474243164
0.9854823350906372
0.5404909253120422
2.1501548290252686
-0.18168188631534576
-0.18519072234630585
2.0283796787261963
6.975218296051025
0.031766362488269806
15.319221496582031
6.425994396209717
0.00939137116074562
4.814517974853516
4.003428936004639
1.0867925882339478
3.7251405715942383
24.199949264526367
29.63838768005371
2.6526927947998047
0.15026193857192993
0.0
0.0
-0.08873230963945389
8.375332832336426
7.421754837036133
3.9891204833984375
0.9698148965835571
0.0
0.0
-0.044900573790073395
0.0
0.0
0.0
-0.6641485095024109
5.04453706741333
2.8804166316986084
0.20528365671634674
0.3863074779510498
0.9844105839729309
5.532191276550293
1.301076054573059
0.4471098482608795
-0.038528963923454285
2.330991506576538
-0.002540580928325653
-9.239226346835494E-5
0.0
-0.05149800330400467
-0.4950801730155945
15.617631912231445
0.5462208986282349
19.259075164794922
1.2779346704483032
1.0769007205963135
2.0938000679016113
-0.0809113010764122
7.327256202697754
6.61609411239624
4.118978500366211
2.7134220600128174
0.030656779184937477
0.0
1.0984834432601929
0.4600144028663635
0.6100835800170898
4.033721446990967
0.5119735598564148
0.4639674127101898
0.39646175503730774
-0.060039471834897995
0.028174111619591713
-0.033170320093631744
0.0
0.0
0.0
-0.057582542300224304
0.17796079814434052
0.0
-3.9892763015814126E-4
-0.4293037950992584
8.927651405334473
36.42841720581055
14.401792526245117
18.48356056213379
1.1690911054611206
1.538317322731018
55.99295425415039
18.05554962158203
-1.8478452693670988E-4
-1.8478452693670988E-4
0.03047199174761772
0.02836376242339611
-1.8478452693670988E-4
-0.011444250121712685
11.290295600891113
1.7774934768676758
0.042355988174676895
0.325408011674881
13.026077270507812
4.500172138214111
1.370857834815979
5.785274028778076
11.991897583007812
6.426257610321045
-0.06571624428033829
0.0
-0.047898247838020325
0.3554292917251587
29.453882217407227
27.674448013305664
0.46543580293655396
1.0825188159942627
0.4091630280017853
0.12792323529720306
0.8545007109642029
9.926088333129883
0.030711384490132332
0.0053140223026275635
0.6661709547042847
0.041287317872047424
3.8672173023223877
8.565906524658203
0.35437285900115967
-0.0027294144965708256
-9.239226346835494E-5
7.937991619110107
9.50458812713623
0.08682020753622055
-2.7717830380424857E-4
-2.7717830380424857E-4
-9.239226346835494E-5
-0.11239264160394669
0.047456711530685425
-0.005876407492905855
0.1338956505060196
0.00470983749255538
0.0
0.97237628698349
34.27363967895508
32.69230270385742
18.166278839111328
14.45583438873291
0.0
-0.0030489324126392603
-9.239226346835494E-5
-0.034956008195877075
2.4533438682556152
19.806970596313477
1.8641133308410645
0.386503666639328
0.6034749150276184
0.0
1.0855900049209595
-0.0026370221748948097
-0.0038703775499016047
-2.7717830380424857E-4
0.0
0.0
-0.0018392137717455626
0.46254962682724
7.5420823097229
14.368237495422363
0.022558655589818954
29.974885940551758
23.599624633789062
-1.8478452693670988E-4
-1.8478452693670988E-4
-2.7717830380424857E-4
5.162836074829102
26.21185302734375
15.656907081604004
23.591812133789062
0.6796702742576599
36.86330795288086
2.781625509262085
0.29423171281814575
5.527622222900391
9.536301612854004
-9.239226346835494E-5
-0.04746552184224129
-0.04422709345817566
-1.8478452693670988E-4
-0.0328582338988781
23.421356201171875
0.0
0.2690179646015167
6.807231111451983E-4
3.6420841217041016
1.4622628688812256
-9.239226346835494E-5
0.0
0.3648495376110077
0.0
0.0
-0.0019073747098445892
16.655506134033203
2.501307487487793
0.5706364512443542
0.052882708609104156
0.0
0.0
0.0
-0.00524130230769515
-1.8478452693670988E-4
-1.8478452693670988E-4
-0.005089260172098875
0.0
1.3304944038391113
1.6656877994537354
5.097256660461426
7.881844997406006
2.3487796783447266
0.5330421328544617
0.03193484619259834
-0.19083856046199799
16.167003631591797
20.683794021606445
8.696489334106445
3.5263028144836426
0.0
-0.0036855933722108603
-3.0653574503958225E-4
0.0
0.0
2.20981764793396
17.055395126342773
26.927968978881836
7.7519097328186035
0.3677830100059509
0.0
-0.01296689547598362
0.0
0.0
0.6731144189834595
9.251755714416504
78.60308074951172
12.701383590698242
16.008506774902344
0.2140217125415802
0.0
-0.162856325507164
0.5140032172203064
4.4460320472717285
0.0
0.0
0.32263776659965515
0.2615542709827423
0.05536912381649017
0.6917465925216675
0.0
23.47737693786621
12.396955490112305
6.547006130218506
0.015388993546366692
0.0
0.0
0.0
3.0615808963775635
8.838501930236816
2.427008628845215
3.6451642513275146
0.20133613049983978
-9.239226346835494E-5
0.0
0.0
0.02777695469558239
9.029393196105957
-0.03386731818318367
2.7459049224853516
0.10748054832220078
-0.0037447409704327583
0.0
-0.006103599444031715
18.424480438232422
4.077089786529541
-0.02579914964735508
0.0
0.0
0.0
0.6281096935272217
2.185481071472168
0.0
0.0
-0.09609923511743546
18.790319442749023
0.0
0.0
0.0
0.0
5.050260066986084
10.797677040100098
1.2781120538711548
0.28144896030426025
0.0
0.0151884900406003
0.2524871826171875
16.6713924407959
0.3663804233074188
8.178007125854492
6.999362945556641
2.072097063064575
0.014274273999035358
-0.02329670824110508
5.531976222991943
13.602445602416992
0.0
0.16895227134227753
15.542755126953125
7.9116902351379395
1.9832842350006104
0.13249291479587555
1.5063060522079468
4.573321342468262
2.410966396331787
0.0
1.6931114196777344
12.835405349731445
29.407960891723633
0.8279241919517517
0.0
0.0
-0.07140006124973297
-0.048347946256399155
-0.0073711867444217205
11.5707368850708
4.705703258514404
0.6639654636383057
6.510275840759277
1.0517216920852661
14.92689323425293
4.938992500305176
0.0
0.0
-0.01017852034419775
-0.10432980209589005
-0.31503185629844666
-0.09093569219112396
1.8728880882263184
9.055924415588379
4.394753932952881
11.35356330871582
7.346672058105469
16.51286506652832
1.9766160249710083
2.1438283920288086
1.068635106086731
0.6102474331855774
10.930807113647461
9.307491302490234
6.642571926116943
1.3942370414733887
5.54047155380249
0.17099052667617798
7.780460357666016
-2.3274104595184326
0.9188663363456726
0.008887852542102337
10.439809799194336
3.7318108081817627
3.0495591163635254
0.2565205693244934
4.091233730316162
15.739587783813477
8.403520584106445
16.711658477783203
2.236210823059082
0.3605460524559021
17.551170349121094
3.7235586643218994
0.0
2.0167887210845947
6.3053059577941895
12.522690773010254
-0.5125325322151184
10.544410705566406
18.53392791748047
16.30833625793457
2.0196032524108887
17.370594024658203
29.19190216064453
5.701972007751465
0.7156479358673096
-0.804103434085846
2.978559970855713
-0.12881450355052948
-0.004989157896488905
14.059746742248535
0.8735742568969727
21.236867904663086
12.653079986572266
13.00273323059082
4.983061790466309
12.773890495300293
6.277109622955322
0.16213597357273102
-0.002032629679888487
0.0
0.0
0.0
-0.0076338909566402435
0.5824787020683289
0.0
0.0
-0.14994995296001434
-2.5936717987060547
4.683724880218506
2.5364532470703125
0.6883333325386047
0.05367966368794441
0.0
0.0
0.0
7.530534267425537
7.530134677886963
0.0
0.0
0.0
0.0
-0.9320231080055237
20.30098533630371
52.341712951660156
33.27022933959961
40.36214065551758
16.738401412963867
3.4140541553497314
3.2684967517852783
3.510899543762207
0.43044376373291016
1.0728023052215576
-0.12237225472927094
5.868523597717285
0.09982752799987793
0.0
-9.239226346835494E-5
4.065831184387207
0.03558637574315071
3.4274284839630127
-0.0037779859267175198
0.6599036455154419
7.092797756195068
44.82115936279297
2.4647483825683594
1.6778430938720703
10.759653091430664
0.8295949697494507
2.006633996963501
12.851242065429688
-2.7717830380424857E-4
48.77108383178711
3.8418984413146973
-1.8478452693670988E-4
-0.0038703775499016047
-1.8478452693670988E-4
-1.8478452693670988E-4
-0.0010119988583028316
-0.0015076323179528117
5.769885540008545
-0.6980981230735779
10.98064136505127
0.00737086171284318
0.02836376242339611
-1.8478452693670988E-4
-1.8478452693670988E-4
0.022558655589818954
2.352088451385498
2.0926597118377686
32.827232360839844
8.264860153198242
0.02477056346833706
-0.1504422426223755
17.075952529907227
0.8544427156448364
0.09984935820102692
0.4165593385696411
-0.020487764850258827
0.2407514601945877
-9.239226346835494E-5
0.0
7.30369234085083
0.2152446061372757
-1.2530516386032104
0.15411995351314545
0.8168479800224304
0.1351088434457779
-9.239226346835494E-5
-1.8478452693670988E-4
0.0
-0.19552117586135864
0.024678168818354607
0.3712882399559021
2.6992766857147217
-9.239226346835494E-5
-9.239226346835494E-5
23.590051651000977
19.491798400878906
-1.8478452693670988E-4
-2.7717830380424857E-4
-9.239226346835494E-5
-1.8478452693670988E-4
0.019553491845726967
0.0
0.0
0.0
1.2461625337600708
23.34012794494629
-0.5578896403312683
2.6840898990631104
35.80274200439453
10.26141357421875
11.497645378112793
13.572356224060059
17.922128677368164
8.480643272399902
0.6784453988075256
-0.02211354672908783
0.9901124835014343
1.5188748836517334
12.408016204833984
3.0627827644348145
2.531815528869629
-1.8478452693670988E-4
-1.8478452693670988E-4
-1.8478452693670988E-4
-1.8478452693670988E-4
-9.239226346835494E-5
-1.8478452693670988E-4
-7.054632878862321E-4
3.3223884105682373
-0.012907929718494415
14.33857250213623
18.996824264526367
18.609882354736328
-0.31006699800491333
21.700965881347656
31.965185165405273
0.3520050048828125
14.204572677612305
88.07091522216797
1.070176124572754
-0.006632782518863678
0.008387158624827862
-3.0653574503958225E-4
2.0286355018615723
1.8262556791305542
9.56689167022705
7.470776557922363
30.42938995361328
0.054262369871139526
1.4686956405639648
11.114816665649414
3.546401262283325
1.7048033475875854
0.0
0.0
1.4897695779800415
31.653621673583984
59.5003547668457
4.113286018371582
0.0
0.0
-0.10119973123073578
3.621617078781128
9.406898498535156
-0.03266133740544319
-0.132949098944664
0.09313376247882843
22.423458099365234
11.648902893066406
-0.04791268706321716
-0.033170320093631744
7.554053783416748
2.802853584289551
3.6998507976531982
1.5221701860427856
-0.0018143344204872847
7.302679061889648
29.15526580810547
24.319623947143555
1.7380330562591553
0.0
0.0
0.0
0.0
3.926027774810791
15.400632858276367
0.009298978373408318
3.676523447036743
10.84323787689209
1.2114176750183105
-1.8478452693670988E-4
-9.239226346835494E-5
0.0
0.0
0.0
-0.01068129763007164
-0.28082114458084106
1.6788671016693115
0.19268132746219635
18.191936492919922
2.2053685188293457
-9.239226346835494E-5
2.428246021270752
6.540166854858398
0.07790349423885345
0.0
-9.239226346835494E-5
0.0
0.0
-0.15404516458511353
24.578216552734375
3.8339827060699463
-0.005620779935270548
0.0
5.577663421630859
0.05824819207191467
0.0
4.955317974090576
6.450640678405762
2.911961317062378
-9.239226346835494E-5
-0.005089260172098875
21.103296279907227
2.6755311489105225
0.02265104651451111
11.430177688598633
0.0
0.0
-0.0076338909566402435
-0.026233455166220665
-0.022901665419340134
0.0
-0.01839214377105236
0.24557913839817047
29.973379135131836
29.84489631652832
1.1869657039642334
0.0
10.414458274841309
5.8392014503479
-0.053437210619449615
0.0
0.0
0.0
0.0
0.0
-0.19552430510520935
0.05450097844004631
0.0
2.0760059356689453
9.350930213928223
8.54446792602539
-4.619598330464214E-4
-0.00791106466203928
-0.07712603360414505
5.882700443267822
0.03756548464298248
0.0
0.0
0.0
-0.04196224734187126
0.16063080728054047
11.05757999420166
6.065943241119385
-9.239226346835494E-5
0.0
0.0
0.056348223239183426
0.0
-0.07438770681619644
-0.3806579113006592
6.887004375457764
0.0
0.0
-0.033170320093631744
0.0
1.645544171333313
1.5734055042266846
1.0192174911499023
3.077115774154663
0.6537103652954102
-0.0058313398621976376
-0.01532678958028555
2.4817728996276855
3.694934606552124
6.421754837036133
1.4027892351150513
6.231775283813477
1.3676742315292358
0.49171653389930725
0.0
0.3031923770904541
-3.0653574503958225E-4
-0.6502580642700195
3.654698371887207
1.0048770904541016
0.34446653723716736
2.298316240310669
12.066779136657715
-0.005089260172098875
0.0
11.213022232055664
27.00927734375
5.295742034912109
0.028174111619591713
0.0
0.0
-0.07633889466524124
1.4450339078903198
0.0
0.12939485907554626
-0.005089260172098875
0.8673139214515686
1.2607030868530273
41.00020217895508
31.01123046875
15.929892539978027
0.0
0.0
0.03163464367389679
0.29894956946372986
0.30578911304473877
1.9519753456115723
6.453568935394287
4.331785202026367
2.251530885696411
12.148787498474121
0.43382972478866577
0.023905180394649506
-0.007940428331494331
0.0
0.3927578330039978
0.0
