17.380720138549805
0.5450121164321899
0.0015781621914356947
0.631943941116333
32.19825744628906
0.04388436675071716
0.0
0.0
-0.12363313883543015
28.25963592529297
0.3073473572731018
47.99706268310547
65.81458282470703
11.756040573120117
2.739351511001587
0.33119451999664307
11.35876750946045
6.586184501647949
0.05226820334792137
24.411808013916016
-0.006228063255548477
0.0
-1.0589882135391235
6.902419090270996
0.025732146576046944
5.162108421325684
37.22956466674805
0.32094264030456543
-0.01759367249906063
0.0
0.0
0.0
2.3413305282592773
6.920485019683838
0.0
0.0
0.006651526782661676
0.07302972674369812
31.005590438842773
7.761534214019775
10.484268188476562
0.039062414318323135
-2.1124231815338135
24.819177627563477
0.2529447078704834
0.37181997299194336
0.0
0.0
0.030570585280656815
2.3458306789398193
-0.042700063437223434
0.10954266041517258
0.0
0.0
14.05058479309082
18.38233757019043
0.10764949768781662
0.0
-1.4548298120498657
12.80019760131836
1.9314004182815552
0.5037163496017456
0.0
1.8297244310379028
6.649234771728516
5.9211883544921875
0.06678013503551483
0.0
0.0
0.0
-0.29177433252334595
-0.003337044967338443
4.052009582519531
0.01978958584368229
4.368216037750244
14.417771339416504
14.134560585021973
2.7765073776245117
0.0488714762032032
0.0
0.0
0.5144222974777222
39.402347564697266
0.03281131014227867
12.693276405334473
3.0200819969177246
8.259056091308594
-0.02304946817457676
4.739159107208252
3.978238821029663
34.079063415527344
0.2690878212451935
NaN
NaN
NaN
NaN
NaN
NaN
NaN
NaN
NaN
NaN
NaN
NaN
NaN
NaN
NaN
NaN
NaN
NaN
NaN
NaN
NaN
NaN
NaN
NaN
NaN
NaN
NaN
NaN
NaN
NaN
NaN
NaN
NaN
NaN
NaN
NaN
NaN
NaN
NaN
NaN
NaN
NaN
NaN
NaN
NaN
NaN
NaN
NaN
NaN
NaN
NaN
NaN
NaN
NaN
NaN
NaN
NaN
NaN
NaN
NaN
NaN
NaN
NaN
NaN
NaN
NaN
NaN
NaN
NaN
NaN
NaN
NaN
NaN
NaN
NaN
NaN
NaN
NaN
NaN
NaN
NaN
NaN
NaN
NaN
NaN
NaN
NaN
NaN
NaN
NaN
NaN
NaN
NaN
NaN
NaN
NaN
NaN
NaN
NaN
NaN
NaN
NaN
NaN
NaN
NaN
NaN
NaN
NaN
NaN
NaN
NaN
NaN
NaN
NaN
NaN
NaN
NaN
NaN
NaN
NaN
NaN
NaN
NaN
NaN
NaN
NaN
NaN
NaN
NaN
NaN
NaN
NaN
NaN
NaN
NaN
NaN
NaN
NaN
NaN
NaN
NaN
NaN
NaN
NaN
NaN
NaN
NaN
NaN
NaN
NaN
NaN
NaN
NaN
NaN
NaN
NaN
NaN
NaN
NaN
NaN
NaN
NaN
NaN
NaN
NaN
NaN
NaN
NaN
NaN
NaN
NaN
NaN
NaN
NaN
NaN
NaN
NaN
NaN
NaN
NaN
NaN
NaN
NaN
NaN
NaN
NaN
NaN
NaN
NaN
NaN
NaN
NaN
NaN
NaN
NaN
NaN
NaN
NaN
NaN
NaN
NaN
NaN
NaN
NaN
NaN
NaN
NaN
NaN
NaN
NaN
NaN
NaN
NaN
NaN
NaN
NaN
NaN
NaN
NaN
NaN
NaN
NaN
NaN
NaN
NaN
NaN
NaN
NaN
NaN
NaN
NaN
NaN
NaN
NaN
NaN
NaN
NaN
NaN
NaN
NaN
NaN
NaN
NaN
0.0
0.0
0.0
0.0
0.0
0.0
0.0
0.0
0.0
0.0
0.0
0.0
0.0
0.0
0.0
0.590362012386322
0.5301733016967773
0.0
0.0
0.06094108521938324
-0.0031140316277742386
0.8842344284057617
11.29627513885498
0.0
0.39451470971107483
24.947978973388672
0.0
27.66337013244629
0.0
24.13199806213379
120.87586975097656
5.952406883239746
5.4708170890808105
2.855499029159546
2.7918403148651123
0.17313675582408905
1.0319476127624512
0.0
1.6357057094573975
-0.010266205295920372
0.004917342681437731
0.0
0.0016983671812340617
0.48871466517448425
0.0
20.301128387451172
19.270286560058594
1.0972914695739746
0.09999745339155197
0.1954859048128128
-0.6129797697067261
3.9990804195404053
0.0
0.0
0.0
0.0180361308157444
-0.01758938655257225
-0.02750074304640293
-2.6221837997436523
5.356279373168945
0.8732261061668396
0.0
-0.030314205214381218
-0.07238876819610596
0.0
0.5958725214004517
0.0
-0.9347730278968811
12.321704864501953
0.12604790925979614
-2.125469446182251
0.09264461696147919
0.0977429524064064
0.0
7.224437713623047
0.4399634301662445
0.0
0.0033967343624681234
0.0
0.0
0.0
-0.3873416781425476
8.866168975830078
0.0
-0.9372394680976868
13.436623573303223
15.048952102661133
40.307132720947266
57.24714660644531
13.693185806274414
5.911215305328369
-0.5432325005531311
3.0638928413391113
0.0
3.7929160594940186
22.558984756469727
12.084667205810547
-0.34902969002723694
0.0045090327039361
0.21081820130348206
2.93228816986084
0.1317102611064911
25.480093002319336
8.360054016113281
7.028578758239746
8.298088073730469
-0.0015358702512457967
-0.07785079628229141
-0.06788722425699234
0.0
0.0
9.208823204040527
0.0
0.0
0.0
0.0
0.0
0.0
0.0
12.350711822509766
0.0
4.509034042712301E-4
23.116666793823242
0.004811563063412905
3.7869510650634766
-0.028979338705539703
-0.42165330052375793
15.972757339477539
9.178641319274902
-0.028089245781302452
0.0
0.5488168597221375
16.783824920654297
0.1480364352464676
3.407684087753296
3.418727159500122
8.34335708618164
1.2526642084121704
1.4675575494766235
0.10227047652006149
0.0
0.0
-0.4201260805130005
-1.1460418701171875
8.428901672363281
-0.7471463084220886
27.949180603027344
2.901942014694214
17.510635375976562
9.043705940246582
0.0
0.09834685176610947
-2.459897994995117
13.759222030639648
0.0
0.00561583461239934
0.0
0.0
0.7849632501602173
8.631171226501465
4.213868141174316
18.5433349609375
1.5652247667312622
3.1495137214660645
-0.273995041847229
22.55425453186035
21.147266387939453
2.6029343605041504
-0.08174450695514679
0.2527290880680084
0.02462523803114891
1.0714929103851318
4.2931599617004395
3.784571647644043
5.765909194946289
2.137151002883911
0.857850193977356
0.0
0.0
0.0
0.0
-1.4574084281921387
23.910839080810547
0.0
0.21545501053333282
13.56577205657959
16.567020416259766
8.47838020324707
-0.8738560676574707
-0.23424698412418365
0.5462284684181213
0.13176967203617096
1.6721208095550537
27.522235870361328
19.287691116333008
1.932359218597412
-0.07785079628229141
0.017486276105046272
5.571199417114258
16.402910232543945
4.117265224456787
0.47998693585395813
0.8577349185943604
-0.0037078228779137135
-1.2359413085505366E-4
-0.28242889046669006
12.60021686553955
12.461523056030273
5.985904693603516
0.17661432921886444
-0.010077516548335552
6.032910346984863
17.038780212402344
0.11741232126951218
0.0
-0.004663792438805103
0.0066698770970106125
0.0
0.41425806283950806
1.4513126611709595
0.09834685176610947
1.2224769592285156
1.8236464262008667
1.4158480167388916
2.8854591846466064
16.7480411529541
-0.016947951167821884
-0.15505272150039673
-0.9920443296432495
5.152729511260986
4.560032367706299
6.218754291534424
23.961753845214844
-0.2236165702342987
-0.6335474848747253
-3.423009157180786
-2.752420663833618
-0.7494072318077087
35.699867248535156
-0.0064867278560996056
-0.8508731126785278
18.168312072753906
-0.31578314304351807
-0.004663792438805103
-0.013124114833772182
0.05206584930419922
-0.006712180562317371
5.30124044418335
4.648959159851074
4.032901763916016
0.12234961986541748
-0.02785618044435978
4.509034042712301E-4
0.02029065042734146
0.024799685925245285
0.0
-0.15275505185127258
69.54844665527344
0.20963510870933533
11.32747745513916
1.7897452116012573
8.640488624572754
-0.007510186173021793
1.8948135375976562
-0.010501455515623093
0.0
0.14683987200260162
0.0
0.0
-0.05860451981425285
-5.245141506195068
8.958100318908691
10.34915828704834
0.0
-0.37722206115722656
0.18249568343162537
0.8893725872039795
0.05185387656092644
-0.6305919289588928
10.928426742553711
39.696266174316406
34.89452362060547
13.6712646484375
1.800093173980713
71.28795623779297
23.387758255004883
22.418575286865234
0.014752030372619629
8.479317665100098
0.5417625904083252
7.509275436401367
0.7200482487678528
0.004250572063028812
0.7662950754165649
0.6076829433441162
0.0488714762032032
0.0
0.0
-0.010440951213240623
-0.006452405359596014
0.0
0.0
14.861742973327637
11.16611099243164
45.6799201965332
-0.003176499390974641
0.0019238186068832874
-0.05661298334598541
-0.990382730960846
12.578959465026855
12.710906982421875
0.08425936102867126
0.0
0.029389018192887306
0.07934201508760452
0.0
0.053788814693689346
0.10266028344631195
0.004917342681437731
0.005533270072191954
0.00509509677067399
0.0
-0.007168458309024572
2.323463201522827
4.927075386047363
2.721389055252075
-0.11192403733730316
1.7237132787704468
18.176210403442383
22.45518684387207
0.7288920283317566
-0.002888580085709691
-0.43224671483039856
8.803155899047852
1.634290337562561
0.23134252429008484
21.032028198242188
0.24558711051940918
-0.08067719638347626
3.3069651126861572
0.28857025504112244
-0.46720579266548157
16.39806365966797
2.4311676025390625
0.004917342681437731
0.0
2.448272228240967
6.874688625335693
2.1535940170288086
0.4889575242996216
-0.021687747910618782
-0.0024376772344112396
-0.2141798883676529
-4.990927696228027
44.65656661987305
28.080839157104492
21.608888626098633
23.576824188232422
3.1229937076568604
0.0
0.0
0.0
2.7604153156280518
3.6693334579467773
0.1466144174337387
0.0488714762032032
1.0656732320785522
0.0977429524064064
0.0
0.0
15.496438026428223
41.85007095336914
0.0
0.0
0.0
-3.3912315368652344
24.67678451538086
14.360464096069336
2.6414873600006104
0.0
2.1343395709991455
16.70521354675293
20.796545028686523
2.1756415367126465
25.80243682861328
0.09592380374670029
0.0
2.2545170213561505E-4
0.0
0.0
2.2545170213561505E-4
0.0
0.0
-0.5300663113594055
18.76443099975586
40.17210006713867
-0.004663792438805103
25.661909103393555
4.3247282155789435E-4
8.415030479431152
36.484317779541016
-3.552567958831787
3.2557601928710938
13.321549415588379
19.92354965209961
2.6223158836364746
10.168694496154785
0.005589830223470926
0.7080974578857422
0.5652983784675598
1.4299060106277466
29.651615142822266
0.32044970989227295
0.12416423857212067
4.765345096588135
17.747514724731445
15.342182159423828
0.0
1.7629777193069458
40.68473434448242
17.32188606262207
-0.6400980353355408
0.726615309715271
3.2805140018463135
11.449140548706055
17.237106323242188
15.338091850280762
1.0887593030929565
0.0
20.416038513183594
3.9588489532470703
0.6403378248214722
0.02207876183092594
0.0033967343624681234
0.007310220506042242
68.91244506835938
3.66973876953125
4.509034042712301E-4
0.0
0.0
-0.0643162950873375
0.6423192024230957
3.1049978733062744
1.9073755741119385
23.108041763305664
-3.123088836669922
8.931366920471191
0.9709624648094177
0.08851218223571777
0.0
1.8497886657714844
12.323408126831055
-0.5418020486831665
16.88639259338379
2.6924750804901123
13.50592041015625
-5.201159954071045
24.34218406677246
0.10968580842018127
-0.7964453101158142
25.232065200805664
10.277009963989258
4.705685138702393
27.726360321044922
0.0
0.15266969799995422
-1.2503734827041626
6.740253448486328
-0.008442070335149765
0.0
13.365055084228516
6.8705153465271
2.072047710418701
0.0
2.2545170213561505E-4
25.20743751525879
13.620262145996094
0.16478398442268372
6.85949182510376
65.5182113647461
6.195961952209473
0.0
0.0
0.0
-0.009393158368766308
0.019839750602841377
6.387824535369873
15.925114631652832
-0.004150922875851393
2.549072504043579
11.280884742736816
2.0704703330993652
0.006989001762121916
0.0
0.0
3.367518424987793
11.189477920532227
37.88576126098633
-0.2893868088722229
0.0
6.842005729675293
0.6457699537277222
2.635591745376587
18.622020721435547
0.1012762263417244
0.027173874899744987
-0.3461272418498993
22.914752960205078
0.0
6.455902576446533
10.849149703979492
0.0
0.0
3.0128164291381836
-0.010481436736881733
0.0
0.0
0.0
0.0
7.525146484375
1.8713362216949463
-0.2583189308643341
8.598700523376465
1.8994202613830566
3.9357786178588867
16.400236129760742
6.5623345375061035
19.653112411499023
2.9740028381347656
-0.9152318835258484
5.226888179779053
2.6632397174835205
-0.12123173475265503
0.2831621468067169
12.848203659057617
0.371977835893631
-0.019405126571655273
128.49578857421875
10.260698318481445
1.6768722534179688
10.977113723754883
9.35433292388916
8.464777946472168
13.092638969421387
0.03047054260969162
-0.4562244117259979
-2.304442882537842
-0.831845223903656
6.335608005523682
2.1551084518432617
0.0
-0.11849596351385117
20.467676162719727
5.34675931930542
0.8669168949127197
11.493316650390625
7.53591775894165
11.917876243591309
12.359915733337402
0.23338869214057922
-0.2935904562473297
-0.6218640208244324
5.147846221923828
0.0
-0.7899706959724426
-0.09165310859680176
24.475513458251953
3.4325664043426514
0.0033967343624681234
0.03419278934597969
0.2142196148633957
0.1943245530128479
0.29343390464782715
0.4219045639038086
0.0
-0.21046751737594604
-1.031026005744934
0.42214909195899963
0.0488714762032032
0.9502167105674744
31.482452392578125
2.235205888748169
-0.2250700742006302
0.0049224491231143475
0.004917342681437731
0.0
3.6299469470977783
1.3701400756835938
0.0031563243828713894
0.0
0.04420042410492897
4.509034042712301E-4
0.0
-0.003994692582637072
-0.39440616965293884
26.68239402770996
0.0169233288615942
0.0
0.0
-0.0019867727532982826
-0.015376484952867031
-0.2211475968360901
11.625267028808594
-3.1866610050201416
9.877963066101074
8.910818099975586
25.825990676879883
33.25955581665039
3.294414758682251
0.0015612535644322634
-0.006712180562317371
0.19717803597450256
1.4195330142974854
7.63328742980957
1.3170605897903442
0.14841771125793457
-0.0021913840901106596
0.0
7.336011622101068E-4
-0.006228063255548477
0.023777130991220474
0.0
0.006615709513425827
0.06626883894205093
-3.496634006500244
-1.1836963891983032
-0.5099616050720215
-0.02126556634902954
0.11441877484321594
38.127784729003906
1.475943684577942
6.76355033647269E-4
0.0
0.0
0.004917342681437731
0.004917342681437731
0.004917342681437731
0.0
-0.5780852437019348
0.9973990321159363
34.480628967285156
12.292672157287598
9.985282897949219
13.042881965637207
0.6846700310707092
1.8375816345214844
1.35100519657135
8.651894569396973
12.729763984680176
0.8576729893684387
5.11888313293457
6.555905818939209
0.09141164273023605
-0.1232452318072319
15.690674781799316
11.812054634094238
1.0366830825805664
0.16664965450763702
-0.026308158412575722
3.936696767807007
0.04225713387131691
-0.00569318188354373
0.009844898246228695
-0.028181906789541245
-0.31718018651008606
0.06760070472955704
-0.01690172404050827
-0.003746823873370886
0.005200044251978397
0.002028761664405465
0.005593698006123304
0.004917342681437731
-0.041683297604322433
14.383687019348145
4.27034854888916
0.17712409794330597
62.80169677734375
0.0
0.010060137137770653
0.0
0.0
0.0
4.204282760620117
30.461322784423828
0.6549984812736511
0.060632698237895966
0.004917342681437731
0.0
-0.09284643828868866
-0.44542577862739563
2.351886749267578
-0.679312527179718
-4.25492525100708
-0.9877862334251404
0.038669902831315994
0.01935969851911068
0.00225451635196805
-0.07268647849559784
0.004917342681437731
-0.010068272240459919
-0.006712180562317371
-0.007120790425688028
0.010171220637857914
-0.27246472239494324
4.017439842224121
0.04815830662846565
0.0
-0.26154571771621704
0.0
0.0022542134393006563
0.0
0.0
3.2384185791015625
3.7242605686187744
15.03297233581543
0.009834685362875462
0.0
0.0
0.0
0.0
-0.030620824545621872
-1.1440420150756836
-0.03859948366880417
23.768840789794922
-0.02242661826312542
0.009844898246228695
-0.039800770580768585
-0.23041094839572906
3.8719522953033447
1.7209601402282715
-0.1485917568206787
0.13678818941116333
0.0
0.0
-0.00313576846383512
0.00225451635196805
0.0
13.307369232177734
4.069420337677002
19.29258155822754
1.3651933670043945
0.0
0.0
0.0
0.0
1.543511152267456
0.3149391710758209
0.0
0.0
0.5391676425933838
3.4405224323272705
0.7675648927688599
-0.9826315641403198
18.40632438659668
0.797939121723175
0.2651434540748596
0.5843799114227295
-0.04359421506524086
6.032557964324951
0.28616905212402344
0.0
-0.15201841294765472
-0.21368689835071564
-0.20271238684654236
10.497190475463867
16.302997589111328
12.256379127502441
0.0
47.489749908447266
3.4738526344299316
2.676689863204956
0.00509509677067399
0.0
0.0
0.0
0.0
0.0
0.0
-0.5777198076248169
6.951279640197754
20.534252166748047
0.7112693786621094
0.0
0.0
4.054430961608887
87.83914947509766
1.5578914880752563
0.0
0.01698366180062294
1.5829668045043945
0.0045090327039361
28.22390365600586
6.09338903427124
0.006793468724936247
0.05774446204304695
1.4938950538635254
21.286907196044922
4.911075115203857
2.9134671688079834
0.0
0.0
0.007594061549752951
-0.313902884721756
16.95267105102539
3.9545347690582275
0.0
4.360688209533691
15.8568696975708
14.876529693603516
0.30434152483940125
-0.06840714067220688
0.0
0.0
0.0
17.67919158935547
11.159740447998047
2.912790298461914
12.2657470703125
1.9175776243209839
-0.07473675906658173
0.0
-0.4521649181842804
0.0
-0.05839947238564491
-0.00965045765042305
25.831157684326172
0.001127258175984025
0.0
0.0
34.71833038330078
0.0
-2.4565584659576416
53.8512077331543
0.32090359926223755
10.77429485321045
47.216407775878906
45.82269287109375
0.13599376380443573
0.0
-7.346218353632139E-6
0.4243256747722626
63.03227233886719
4.644326686859131
7.463027000427246
0.0
0.0
0.0
0.0
0.35256439447402954
1.1504713296890259
15.987370491027832
49.453548431396484
7.357047080993652
0.0
0.0
0.0
0.0
0.0
3.64845609664917
4.569858551025391
3.193018674850464
-0.10134343802928925
6.101648807525635
12.30652904510498
0.040301959961652756
14.375779151916504
3.91139554977417
0.20435409247875214
0.03226897493004799
-0.004671047441661358
-0.11620835959911346
1.7438021898269653
0.45262405276298523
2.423783302307129
1.0845038890838623
16.261371612548828
18.549901962280273
0.07959487289190292
0.0488714762032032
-0.01037196908146143
3.638392686843872
10.575315475463867
0.9670172333717346
-2.1153643131256104
2.919245481491089
0.02454415336251259
2.4416027069091797
28.49306869506836
5.995131969451904
0.4799482226371765
-0.015723740682005882
0.04458870738744736
0.0033967343624681234
6.962209224700928
0.08816704899072647
-1.2359413085505366E-4
13.326790809631348
16.414398193359375
0.5910407900810242
0.008179167285561562
0.009469058364629745
0.04917342588305473
-0.03955914080142975
0.0
9.018068085424602E-4
-0.021839730441570282
0.002479968825355172
0.0
0.8260084986686707
5.053711891174316
0.3934790790081024
0.5997334122657776
0.0
0.0
2.278012275695801
0.0
0.0
0.0
-0.05523698404431343
0.09482064098119736
9.453656196594238
0.01019019354134798
0.0
0.25900980830192566
3.7705023288726807
6.739499092102051
1.7599503993988037
0.332192063331604
-0.04733531177043915
0.12110059708356857
0.8781831860542297
29.656734466552734
1.1165937185287476
-0.011367825791239738
0.0
0.0488714762032032
0.0
0.0
0.18303100764751434
10.202359199523926
6.078714847564697
0.5864576697349548
2.639059543609619
-0.02962399087846279
0.49227920174598694
5.643615245819092
3.452561140060425
0.4337722361087799
0.010261856950819492
-0.02421143464744091
-0.122451551258564
4.191972732543945
-0.08171838521957397
-0.3864097595214844
0.015712689608335495
0.0
0.0016983671812340617
0.0453210212290287
0.5927330851554871
0.3769094944000244
2.1790781021118164
54.78208541870117
0.2786860167980194
0.0
-1.6502779722213745
24.00322914123535
0.17702504992485046
0.05877803638577461
0.009834685362875462
0.004917342681437731
-0.006712180562317371
2.2545170213561505E-4
7.336721420288086
16.111536026000977
0.0
0.0
19.873281478881836
16.939420700073242
3.342007637023926
17.013818740844727
20.249345779418945
1.6123859882354736
-0.01075776107609272
-0.006660654209554195
5.577865123748779
2.7752068042755127
29.737577438354492
-1.5011518001556396
2.0045247077941895
0.039223700761795044
0.009834685362875462
0.004917342681437731
0.0
-0.006206918973475695
-0.038245443254709244
3.3756186962127686
20.178983688354492
14.707996368408203
11.178607940673828
1.573049545288086
0.10266028344631195
0.004917342681437731
-0.004671047441661358
0.005163637921214104
0.025379031896591187
1.3367396593093872
0.031104525551199913
0.28931230306625366
-0.009375307708978653
-0.001552779576741159
0.006720654666423798
0.07763008773326874
8.59409236907959
7.112335681915283
20.336299896240234
4.352740287780762
1.329940676689148
0.0
6.971985567361116E-4
0.0
0.03174609690904617
-0.361782431602478
0.004917342681437731
0.005368247162550688
-0.00573110394179821
0.7829039692878723
-0.02832655981183052
7.550518035888672
6.0044426918029785
-0.06955160945653915
4.588224411010742
0.6590316295623779
0.05786769092082977
0.02574518322944641
0.42473381757736206
16.47667694091797
-1.2105906009674072
23.85405158996582
0.13276825845241547
0.005142795387655497
0.005145221017301083
19.777498245239258
0.09908325970172882
0.004874099977314472
0.009834685362875462
0.0
0.6349462270736694
-2.5622942447662354
38.67633819580078
8.645480155944824
3.7763824462890625
-0.013895493932068348
0.14667417109012604
0.2570608854293823
0.011888565495610237
0.0
0.0
0.0
0.0033967343624681234
0.0
0.0018033116357401013
0.0
-0.16256487369537354
4.282992362976074
15.25883960723877
5.058196544647217
0.025204794481396675
0.0
0.0
0.0
-1.0075770616531372
8.820246696472168
0.34383705258369446
-0.0031140316277742386
2.2545170213561505E-4
0.009834685362875462
0.0
0.0
0.0
0.0
-0.005954260006546974
-0.29559656977653503
-2.4818875789642334
-1.4141510725021362
-0.14122845232486725
-0.24438150227069855
1.4138599634170532
8.29298210144043
0.004917342681437731
0.0
0.13703851401805878
1.6885136365890503
13.332332611083984
0.0
0.004917342681437731
0.0
0.0
-0.21668389439582825
0.47511544823646545
1.4895848035812378
0.0
0.0
0.0
0.10654173046350479
-2.309014081954956
-1.9952212572097778
5.97899055480957
23.270191192626953
33.026851654052734
30.374412536621094
15.692663192749023
0.06585843116044998
0.0
0.0
0.0
-1.0734225511550903
16.75808334350586
3.457805871963501
23.95260238647461
18.597347259521484
-0.0031140316277742386
0.0
9.36627197265625
22.802459716796875
12.366707801818848
6.76355033647269E-4
0.0
0.0031563243828713894
0.0
0.003381774527952075
-0.023894421756267548
-0.03091350384056568
0.0
0.0
-0.11542201787233353
5.10845947265625
8.512177467346191
-0.02698812633752823
29.081167221069336
3.1103153228759766
0.0
-1.621992588043213
60.67020797729492
0.0
13.104647636413574
0.0
0.0
0.0
-0.39143213629722595
24.305143356323242
15.286752700805664
6.947031497955322
2.7818291187286377
0.0
0.0
0.008473389782011509
3.6329574584960938
0.11755607277154922
0.0
-0.02027159556746483
15.782422065734863
-0.5741291046142578
27.03802490234375
0.0
0.0
-0.620883047580719
34.64186096191406
10.752095222473145
25.479124069213867
5.461579322814941
0.0
1.9989302158355713
-0.43033701181411743
1.2642688751220703
0.05211619287729263
0.0
0.08349599689245224
0.0
0.0
0.0
-6.179706542752683E-4
-0.18779759109020233
5.44305944442749
0.7807997465133667
4.774919033050537
0.9803928136825562
0.0
0.0
0.7312931418418884
0.0
-0.04097656160593033
1.6389851570129395
28.286710739135742
29.35923194885254
7.1816511154174805
2.5814170837402344
1.2942616939544678
1.2928755283355713
0.1171872615814209
0.011888565495610237
0.0
0.0
-0.6718140840530396
11.265069961547852
0.0
-0.08939439058303833
7.2625956535339355
0.6506198644638062
0.1610533744096756
0.2861824929714203
0.32218340039253235
1.7657510042190552
0.0
0.001127258175984025
0.0
-0.030432168394327164
0.0076653556898236275
3.198699951171875
0.0
0.0
0.12884657084941864
0.5147879123687744
2.578585624694824
0.0
0.1475203037261963
0.28664129972457886
0.7565285563468933
26.702972412109375
1.2715167999267578
0.0
0.0
0.0
-2.174889326095581
17.02056121826172
0.0
0.0
0.0
0.011863753199577332
0.0
0.0
0.0
3.471039056777954
17.017908096313477
0.5387759804725647
0.0
0.0
0.588932991027832
15.758458137512207
0.010821680538356304
-1.9618313312530518
-0.4457572102546692
2.4374701976776123
0.04571729153394699
0.0
0.3909718096256256
6.416084289550781
-3.7078274181112647E-4
1.546722196508199E-4
-0.2145833522081375
5.467630863189697
5.518418788909912
1.0019404888153076
0.7807459831237793
1.0666157007217407
-0.04093661904335022
0.0
9.084153175354004
0.318766713142395
3.8912837505340576
0.0
2.2545170213561505E-4
0.20022517442703247
0.0
14.152724266052246
20.9467830657959
1.2044743299484253
2.1816673278808594
1.439434289932251
0.0033967343624681234
-0.009342094883322716
0.0
0.0
0.0
0.0
0.0
-0.08138801902532578
-0.030314205214381218
0.1954859048128128
-0.0013595353811979294
16.567020416259766
58.13722229003906
-0.23741796612739563
0.6795945167541504
0.2705010175704956
2.2545170213561505E-4
0.5786393880844116
0.0
0.02457422949373722
17.995983123779297
10.232097625732422
12.54703426361084
-0.019777175039052963
0.0
0.0
-0.03513578325510025
0.02522309310734272
0.7115679979324341
2.1632633209228516
19.359529495239258
51.345943450927734
12.380860328674316
2.1751673221588135
3.4319796562194824
5.5102996826171875
2.952828884124756
14.665857315063477
15.947054862976074
-0.29421526193618774
-1.259662389755249
-0.4810754358768463
11.575218200683594
8.8121337890625
21.68891716003418
3.374244213104248
-0.0017948367167264223
0.04501587525010109
0.46523845195770264
9.904478073120117
-0.04515865817666054
0.009834685362875462
-0.010068272240459919
0.0
27.77152442932129
2.046877384185791
1.3288452625274658
16.89510154724121
0.053788814693689346
1.178670883178711
0.008277670480310917
-0.0015570158138871193
0.009834685362875462
0.0
-0.006644267123192549
-0.4466102421283722
-0.29104286432266235
3.875197649002075
7.750186920166016
8.80696964263916
-1.2828696966171265
27.426145553588867
-2.626084566116333
0.1762375831604004
-2.401669979095459
1.0781302452087402
-0.12564809620380402
83.37677764892578
61.85555648803711
5.370102405548096
21.1555233001709
0.009584920480847359
0.009834685362875462
6.744170188903809
2.404343843460083
0.014752030372619629
0.008277670480310917
0.0
0.009834685362875462
-0.3373180031776428
4.700928211212158
0.010342841036617756
0.006228744052350521
2.2545170213561505E-4
0.07797863334417343
0.10389065742492676
-0.032334815710783005
0.014133227989077568
0.004917342681437731
-0.0968281701207161
-0.32141584157943726
1.8683083057403564
50.061649322509766
12.010025024414062
61.29015350341797
7.330757141113281
16.48969268798828
15.103721618652344
18.775611877441406
0.9542965292930603
4.428340435028076
0.0977429524064064
0.0
-0.0031140316277742386
0.003360327333211899
-0.013182303868234158
-1.7570323944091797
2.74326753616333
7.239158630371094
1.4847242832183838
0.5775011777877808
0.011533054523169994
0.20493561029434204
0.004917342681437731
-2.781094789505005
9.431493759155273
0.3136816918849945
0.3140055537223816
0.0488714762032032
0.005368247162550688
0.0
0.014752030372619629
0.003360327333211899
0.0033967343624681234
0.0
-7.415654836222529E-4
7.484450340270996
56.830116271972656
1.9444254636764526
0.014752030372619629
0.004917342681437731
1.0715651512145996
27.22132682800293
9.259530067443848
2.2853713035583496
-0.008783945813775063
-0.09755814075469971
0.006720654666423798
0.003360327333211899
0.008277670480310917
0.0
0.0
0.004917342681437731
0.0
0.0
0.0
0.0
0.0
-0.2678736448287964
24.706161499023438
9.44011116027832
5.960874080657959
3.4599666595458984
0.7366787195205688
0.00293137738481164
0.010962754487991333
0.004917342681437731
0.0033967343624681234
-8.719866746105254E-4
12.529102325439453
0.010296332649886608
-0.008876683190464973
14.087114334106445
2.8505187034606934
-0.22971956431865692
27.1152286529541
0.8530499339103699
0.0
-0.0031140316277742386
-0.8987409472465515
-0.13669486343860626
33.95478439331055
36.313846588134766
37.32283401489258
2.930104970932007
-0.15779216587543488
18.023927688598633
15.110918045043945
0.009834685362875462
0.0
0.0
-0.6165141463279724
-3.3829119205474854
13.810721397399902
3.744521141052246
0.0
1.1474884748458862
25.81157112121582
1.20802903175354
0.11925442516803741
4.521341800689697
18.03851318359375
0.12428268790245056
0.36495327949523926
0.0032821407075971365
0.03047054260969162
1.4926557540893555
20.68560791015625
0.10873103141784668
0.0
0.0
0.00509509677067399
4.290733337402344
-0.10189936310052872
0.0
-0.002112065674737096
21.19097900390625
54.7939567565918
1.57581627368927
3.192460298538208
15.6357421875
11.501410484313965
0.43208155035972595
0.014752030372619629
-0.004663792438805103
0.0
14.792940139770508
18.363449096679688
49.317630767822266
64.93597412109375
3.104313373565674
0.17633409798145294
0.0
-0.1028926894068718
2.317824602127075
12.134543418884277
0.0
5.462657928466797
0.0
0.16293326020240784
62.82394790649414
2.8983311653137207
0.0488714762032032
1.6276617050170898
-0.07578552514314651
0.0
0.0
8.493707864545286E-4
7.303059101104736
0.9866242408752441
22.34488296508789
0.11340941488742828
0.0
0.4249892830848694
6.357845306396484
0.0
0.0
0.0
0.334149032831192
0.4913906753063202
10.582902908325195
10.745635986328125
19.462133407592773
3.6019153594970703
0.0
0.0
5.213793754577637
20.02806282043457
9.90971565246582
0.0
0.0
0.0
0.0
0.010643384419381618
-0.3976937234401703
1.387679100036621
0.0
0.010615295730531216
-3.585787773132324
12.778244972229004
-0.01293799839913845
0.0020290659740567207
0.003607227234169841
1.4457608461380005
0.5375861525535583
0.0
0.0
0.0
-0.028026292100548744
5.897608757019043
14.585735321044922
1.1483114957809448
-0.4588488042354584
2.7026431560516357
0.07247084379196167
0.8796863555908203
1.0049642324447632
15.940094947814941
-0.2725794315338135
0.0
0.0
0.0033967343624681234
0.02374763786792755
11.623955726623535
1.598833441734314
20.38628578186035
7.2931809425354
14.005550384521484
-0.004663792438805103
0.0
0.0
0.0
0.0
-1.8619236946105957
-0.17060765624046326
3.5507824420928955
0.8822609782218933
-0.29333844780921936
4.247254848480225
2.778346061706543
4.114107608795166
8.753560066223145
8.03023910522461
1.9486744403839111
13.72055721282959
-0.8516658544540405
9.105491638183594
3.8864715099334717
19.892988204956055
15.654281616210938
9.499011993408203
0.0
1.2188218832015991
0.8946112394332886
0.0
0.6414161920547485
0.08491836488246918
0.0
0.0
-0.01172561664134264
-0.0783662497997284
25.37727928161621
6.41948127746582
0.24435733258724213
0.0
9.64742374420166
0.011103484779596329
0.4987391233444214
4.035356521606445
-0.015157102607190609
14.016450881958008
24.22979164123535
1.701615810394287
0.24983370304107666
0.039062414318323135
29.342241287231445
3.207693099975586
2.9805705547332764
-0.07361555099487305
5.18053674697876
-0.7953421473503113
4.263387203216553
0.20953339338302612
0.0
7.350741386413574
8.649327278137207
0.21164165437221527
2.688680648803711
1.2432811260223389
0.0
0.0
0.0
-0.472191721200943
6.4342265129089355
0.0
0.0
9.018068085424602E-4
-0.006580508314073086
0.0
0.0
0.0
-0.41152164340019226
17.952512741088867
29.61015510559082
7.207551002502441
2.4648237228393555
3.230926275253296
8.451688766479492
-0.009325128048658371
3.341083526611328
0.003607227234169841
7.831287384033203
28.641176223754883
0.541903018951416
0.0
0.0
0.0
0.04925260320305824
0.0977429524064064
0.0
2.2161505222320557
0.2663629353046417
4.700700759887695
2.935060739517212
8.621129989624023
-0.12840773165225983
0.015921881422400475
2.2545170213561505E-4
-0.020145852118730545
-0.24839000403881073
3.3938167095184326
0.4517788290977478
0.0
0.0
0.0
0.4812794625759125
22.108314514160156
0.0
-0.0037892756517976522
-0.030572576448321342
6.420679569244385
-0.0019859629683196545
-0.003296686103567481
0.003360327333211899
0.004917342681437731
0.0
-0.05020485818386078
1.016196846961975
3.208855628967285
0.004917342681437731
0.004917342681437731
-0.03245104104280472
10.673824310302734
0.8484486937522888
2.364537000656128
6.643621444702148
0.15316824615001678
-0.016031628474593163
0.0
0.004917342681437731
0.0
0.004917342681437731
0.006720654666423798
-0.5674630999565125
17.29662322998047
1.6795868873596191
0.05877803638577461
0.0
-0.006902195978909731
0.05377747863531113
0.003079985035583377
0.009834685362875462
0.7071349024772644
0.10371182858943939
-3.990642547607422
-0.6468249559402466
0.8045254945755005
-0.09079200029373169
-0.1967984139919281
6.920527935028076
3.3664417266845703
0.0011280644685029984
0.10439228266477585
0.0
0.0
4.40736722946167
24.063753128051758
0.1174841895699501
0.009834685362875462
-0.03586302325129509
-0.12740465998649597
17.674854278564453
0.21030977368354797
0.37255436182022095
0.0011140715796500444
0.0
20.613691329956055
45.56532287597656
4.793484210968018
0.6174156069755554
-0.09086696803569794
30.09543800354004
2.390704870223999
0.2117219865322113
0.0016983671812340617
-0.009088544175028801
-0.014227531850337982
1.0720261335372925
0.015318281017243862
-0.0033915932290256023
-0.008635721169412136
-0.007570074871182442
-1.3899363693781197E-4
0.0
16.346416473388672
1.4283757209777832
0.004917342681437731
-1.0163968801498413
6.76355033647269E-4
-1.709301471710205
-0.9000585675239563
5.8668389320373535
0.2945752739906311
0.003079985035583377
0.007743774447590113
0.0
-0.0018373583443462849
0.0
0.0
1.2887893915176392
22.236242294311523
103.21785736083984
8.328354835510254
23.881393432617188
10.203502655029297
-0.017966149374842644
0.0
0.0
0.009834685362875462
0.0
2.5355094112455845E-4
0.004917342681437731
0.18864984810352325
5.8790602684021
0.023446975275874138
0.12186228483915329
9.675333023071289
1.6139293909072876
-1.410691499710083
-0.49051451683044434
-0.13787046074867249
19.44999122619629
51.56703186035156
12.79604434967041
3.3927502632141113
0.4546526372432709
-0.006820440758019686
-0.009342094883322716
0.0
0.0
0.0
0.0
-0.3438861668109894
5.816471576690674
-0.0029429744463413954
0.0
0.0
4.2305707931518555
1.9569332599639893
24.43890953063965
0.8402334451675415
0.006086891517043114
0.39787575602531433
0.24435733258724213
0.0
0.0
24.279109954833984
1.4404175281524658
0.0
2.2545170213561505E-4
-2.607837200164795
-2.17789626121521
-2.6682419776916504
23.727983474731445
0.0
0.0
0.0
8.892773628234863
5.859663009643555
-0.035076797008514404
0.6095132827758789
0.036717306822538376
0.0
0.0
0.0
-0.45848706364631653
1.4695075750350952
0.0488714762032032
0.6195851564407349
3.5743110179901123
0.0016983671812340617
-0.08903700113296509
-2.9218716621398926
10.733070373535156
0.0
0.17633409798145294
0.0
0.0
10.57046890258789
3.2921297550201416
0.11379066109657288
-0.009342094883322716
-8.038403511047363
18.15223503112793
0.1954859048128128
-0.41956576704978943
6.337257385253906
0.0505584292113781
0.0
0.00225451635196805
0.0
0.0
0.0
0.31802284717559814
0.9493630528450012
0.0
9.018068085424602E-4
9.991536140441895
-0.5534670352935791
7.049714088439941
20.144603729248047
0.00509509677067399
0.0033967343624681234
0.013586937449872494
22.408700942993164
4.875331878662109
0.0
0.0
0.0
0.0033967343624681234
0.07733980566263199
0.0
0.0
0.0
0.02457422949373722
-2.1630053520202637
54.853515625
42.28535842895508
15.04228401184082
0.050569839775562286
0.0
0.0
0.0
18.66635513305664
10.907815933227539
3.7376060485839844
9.443086624145508
15.24417495727539
0.3455037474632263
0.0
0.0
-0.0027190707623958588
0.0
21.503446578979492
20.809467315673828
2.719461679458618
0.0
0.0
5.420345783233643
0.1545514166355133
0.0977429524064064
0.0
-0.40516358613967896
0.1105453297495842
0.49071502685546875
0.0
-3.14835786819458
26.995742797851562
19.850109100341797
11.004167556762695
0.0
1.7675747871398926
6.0775909423828125
0.8770498633384705
11.285205841064453
0.0
0.0
0.0
0.0
-0.5839595198631287
0.0
0.1466144174337387
-0.28466102480888367
40.29433059692383
36.84122848510742
9.186118125915527
0.04741020128130913
0.0
0.0
0.0
-1.7839568853378296
29.3483943939209
7.093029022216797
0.17254482209682465
0.029389018192887306
0.0
0.0
0.006947793066501617
7.488851070404053
6.763014316558838
4.026198387145996
0.0
0.0
-3.7078274181112647E-4
5.1923370361328125
-0.9335456490516663
18.687175750732422
-0.455258846282959
14.479244232177734
2.3744165897369385
-0.0031140316277742386
1.752649188041687
0.0
0.0
0.0
3.0132977962493896
17.222806930541992
6.239939212799072
0.21059741079807281
0.0
0.00849183090031147
3.969925880432129
0.971856415271759
0.0
-0.004168647341430187
2.3401105403900146
1.7464678287506104
-0.2218051254749298
19.135631561279297
2.5457260608673096
34.718231201171875
8.543373107910156
10.221298217773438
54.60138702392578
22.116371154785156
30.310283660888672
-0.01544929202646017
-0.07193180918693542
-0.26886898279190063
5.60927152633667
-2.679842948913574
18.41916847229004
14.33218002319336
-0.84847092628479
0.6427820324897766
-1.4452776908874512
13.43032455444336
-1.383471965789795
6.085283279418945
6.258166790008545
-0.006712180562317371
24.832538604736328
3.4382264614105225
-0.5527914762496948
2.1789329051971436
3.539022207260132
54.08102035522461
0.33337920904159546
3.326944351196289
2.6241960525512695
0.06236117333173752
0.0
0.001808853354305029
0.5791225433349609
2.9108171463012695
4.210200309753418
0.010799504816532135
4.4843926429748535
0.0486975722014904
-0.049778521060943604
21.49077606201172
3.4491772651672363
11.965187072753906
65.61937713623047
-0.1859772652387619
3.0470545291900635
1.3802491426467896
18.285972595214844
4.61864709854126
1.8332358598709106
0.0
5.606899261474609
0.9299607276916504
0.15658555924892426
21.277463912963867
0.20872582495212555
-0.008453069254755974
0.004917342681437731
0.0
-0.0037892756517976522
0.009651828557252884
0.03958061337471008
2.2545170213561505E-4
-0.5314713716506958
6.453132152557373
8.970365524291992
2.842073440551758
0.004917342681437731
0.004917342681437731
-0.013182303868234158
-0.006903307046741247
9.51051139831543
29.151714324951172
-0.3473411798477173
-1.0422004461288452
-0.09582940489053726
46.0869140625
23.575927734375
0.006720957811921835
0.251289039850235
0.03368106856942177
0.6302596926689148
0.4058542549610138
48.211936950683594
0.46084079146385193
-2.2638237476348877
51.32443618774414
8.71028995513916
1.1643314361572266
0.04731445387005806
23.87961769104004
6.278539180755615
7.596944808959961
2.291377544403076
0.0
0.0011280644685029984
0.0
0.004917342681437731
0.00473448634147644
0.3473546802997589
-0.0041639478877186775
0.14549514651298523
15.67393684387207
0.009834685362875462
0.009834685362875462
0.004917342681437731
0.004917342681437731
0.0
0.9584528803825378
-0.6799543499946594
-3.6581809520721436
-5.344851493835449
-0.849084734916687
-3.2174875736236572
-1.1529098749160767
-3.237604856491089
12.761147499084473
0.0
1.3870452642440796
0.7694143652915955
-0.31559640169143677
0.003607227234169841
0.12940926849842072
-0.09795556217432022
7.95477294921875
0.19705629348754883
8.711792945861816
11.311566352844238
2.6102077960968018
0.2119702845811844
0.005424441769719124
0.10666146874427795
-0.009453999809920788
-0.0077620940282940865
0.0
0.0
0.0
0.1809232234954834
20.133026123046875
23.657758712768555
135.99920654296875
9.598480224609375
0.029389018192887306
8.478416442871094
13.91893196105957
0.004917342681437731
0.006045409012585878
0.022017477080225945
11.551883697509766
0.8201287388801575
0.009834685362875462
0.004488395061343908
33.67613220214844
45.46224594116211
0.0
1.188772439956665
0.039585307240486145
0.009834685362875462
0.004917342681437731
0.0
0.0
0.15323013067245483
0.00686200987547636
4.7485809326171875
48.62289810180664
-1.217445731163025
3.4668991565704346
0.01041276752948761
12.997995376586914
0.2053205668926239
-0.12529535591602325
-0.23707230389118195
-0.17246806621551514
0.0
0.0
0.0
0.0
-0.20722264051437378
-1.5547205209732056
-2.196734666824341
-0.1420913189649582
9.684164047241211
0.3167034089565277
0.0
0.0
-0.05578077211976051
-3.5244061946868896
28.24733543395996
12.580462455749512
-0.048709314316511154
0.004917342681437731
0.01019019354134798
7.5861124992370605
1.3371326923370361
16.555875778198242
5.3377275466918945
-0.06884776055812836
0.001127258175984025
-0.2694374918937683
-0.30261385440826416
4.62425610749051E-4
0.0016983671812340617
0.0
0.0
2.8312328504398465E-4
9.018068085424602E-4
-0.012735403142869473
-0.1300661563873291
-0.13599003851413727
0.12846025824546814
-0.21229004859924316
23.831302642822266
-0.022626187652349472
37.337825775146484
32.966026306152344
70.63668060302734
60.66019821166992
4.509034042712301E-4
0.0
12.236295700073242
3.5346322059631348
-0.0037892756517976522
0.0
0.0
0.0
-0.04737919941544533
1.548074722290039
7.320259094238281
-0.38437071442604065
5.019439697265625
9.632376670837402
0.03200458735227585
1.0232516527175903
11.866989135742188
14.936635971069336
31.351787567138672
0.055664002895355225
15.629836082458496
19.43416404724121
4.620227813720703
0.0
0.009834685362875462
0.0
7.62327766418457
0.6687586307525635
-0.07219656556844711
0.0
0.00509509677067399
0.052010923624038696
-0.10147568583488464
-0.047706883400678635
20.87181854248047
16.8942928314209
12.176557540893555
43.66898727416992
20.55084800720215
9.122151374816895
-0.28783681988716125
0.49961328506469727
0.02207876183092594
0.0
0.0
2.2726941108703613
6.711981773376465
9.771882057189941
-0.007989385165274143
0.0
55.256412506103516
1.1087790727615356
0.0
0.0
-2.613346576690674
21.482038497924805
-0.19096192717552185
0.0
0.0
0.0
-1.5634740591049194
31.99828338623047
13.288257598876953
0.03396732360124588
0.0
0.0
0.0
0.0
0.0
0.0
0.0
22.689838409423828
12.355072975158691
0.06217476353049278
4.509034042712301E-4
0.0
0.0
32.65839767456055
1.7552791833877563
0.0
0.0
0.016232527792453766
-0.018655169755220413
0.5380887389183044
0.0
16.684368133544922
3.469874143600464
0.0
0.0
-0.3486591875553131
0.09072989225387573
23.55887222290039
15.035355567932129
0.5078932046890259
7.159801483154297
24.00695037841797
30.42226791381836
2.4185497760772705
0.02762477472424507
20.43038558959961
-0.023141564801335335
11.975543022155762
5.004932403564453
-0.10811014473438263
0.0
0.00225451635196805
-0.4757068455219269
0.004959937650710344
-4.175145149230957
10.248610496520996
0.011888565495610237
0.0
0.0
0.02389787696301937
3.9148640632629395
0.21698370575904846
10.692620277404785
2.0952086448669434
0.0
0.0
0.003962138667702675
0.0
-0.01963723823428154
0.1092858612537384
0.05679777264595032
0.011888565495610237
-0.4020107686519623
8.170243263244629
20.116844177246094
10.48458480834961
9.64012336730957
18.553007125854492
1.2869524955749512
0.0
0.0
0.0
0.0
16.642841339111328
16.430503845214844
27.637943267822266
6.494904518127441
-2.708611249923706
0.0
0.0
-1.3147403001785278
12.617764472961426
2.148447036743164
0.0019810693338513374
0.0011324931401759386
12.295221328735352
0.0
0.12188217043876648
0.6805189847946167
0.45632731914520264
0.41449856758117676
0.7335130572319031
0.5788432955741882
9.78240966796875
22.43543815612793
29.23459243774414
7.358501434326172
6.750744819641113
3.7792227268218994
-0.0913919135928154
0.0
0.0
0.8796863555908203
1.4028115272521973
10.266918182373047
4.214425563812256
5.075793266296387
0.18156875669956207
0.001127258175984025
0.0
0.0
0.0
1.0214561223983765
1.032881736755371
0.48002681136131287
0.1109279915690422
24.93890380859375
0.003828044282272458
0.006793468724936247
0.0
4.629453659057617
10.81845474243164
0.30113929510116577
0.030570585280656815
-0.08998467773199081
0.34180712699890137
3.756772518157959
-0.5762786269187927
-0.0075785513035953045
0.0977429524064064
0.0
0.0
0.0
0.0033967343624681234
0.20456016063690186
10.6602783203125
26.406978607177734
3.3984570503234863
34.21379470825195
0.0
4.430868148803711
3.0499980449676514
0.6402853727340698
0.04605940356850624
0.08864552527666092
1.6411428451538086
27.07706642150879
0.06220358610153198
-0.007325001526623964
-0.09030693024396896
0.15882860124111176
6.461517810821533
2.578300952911377
44.877899169921875
1.0693550109863281
0.0
13.351302146911621
42.32804870605469
15.782637596130371
4.244197368621826
0.018499482423067093
0.0011280644685029984
0.006045409012585878
0.009834685362875462
0.0011280644685029984
0.0
-0.026222990825772285
-0.007189340889453888
0.0030029064510017633
0.007171559147536755
0.013231419026851654
0.004917342681437731
0.0
0.14809399843215942
0.0
0.0
-0.3197868764400482
0.0
-0.6093569993972778
-0.06098012998700142
0.003360327333211899
0.013527445495128632
-2.979045867919922
44.28147506713867
3.646589517593384
0.0
0.12293358892202377
-0.004410240799188614
20.725351333618164
7.503175735473633
-0.16421613097190857
4.418655872344971
20.421161651611328
-0.375385582447052
-5.734156608581543
19.322147369384766
0.0
0.09455757588148117
0.0
5.985287189483643
1.0971384048461914
0.010285590775310993
0.0
0.0
8.302463684231043E-4
0.25263193249702454
10.635644912719727
1.2680630683898926
0.16683559119701385
-0.007057886105030775
0.013016633689403534
1.3794718980789185
28.768863677978516
31.59191131591797
11.553808212280273
0.47328293323516846
-0.0010461421916261315
-0.09813959151506424
7.955348491668701
5.698254108428955
0.007173477206379175
0.0011280644685029984
-0.007744294591248035
-0.9666543006896973
2.5786402225494385
0.0
-0.0012670618016272783
0.0
0.0
0.0
0.004917342681437731
0.004917342681437731
0.004917342681437731
0.0
-0.0019519873894751072
-0.201379656791687
-0.3018176555633545
13.697543144226074
2.1012825965881348
-0.01173748541623354
0.010511042550206184
-0.008269195444881916
-0.8652467727661133
-2.77546763420105
-1.851384162902832
8.783846855163574
4.315260410308838
3.131110429763794
22.28227424621582
0.1761178970336914
0.03538788855075836
0.020797444507479668
0.0
5.208041191101074
0.43984317779541016
0.0
0.2932288348674774
0.0
-3.3763198852539062
17.948213577270508
0.04076077416539192
0.49822819232940674
6.76355033647269E-4
-1.221706748008728
46.95187759399414
31.43221664428711
-1.1568002700805664
1.5178465843200684
14.751565933227539
0.0
-0.7560535073280334
-0.36108922958374023
-0.00802290253341198
0.0
7.626679725944996E-4
6.458509922027588
0.0
0.0
0.0
0.0
0.0
-0.35509610176086426
10.448319435119629
46.6531867980957
-0.37704333662986755
-0.01202083844691515
6.301778793334961
0.039338741451501846
5.348086357116699
17.196147918701172
7.723991394042969
0.08816704899072647
0.0
-0.006228063255548477
0.0
0.0
0.0
-0.0027790991589426994
13.153152465820312
5.208395004272461
10.434979438781738
0.4405045509338379
0.0
0.0
0.33239513635635376
2.0397770404815674
4.540107329376042E-4
17.448469161987305
0.17920821905136108
25.928747177124023
0.0
4.787986755371094
8.871724128723145
0.6490075588226318
0.0
0.0
0.0
0.0
4.397924900054932
6.134267330169678
-1.2390109300613403
16.079763412475586
21.07282829284668
31.755081176757812
2.924428701400757
12.702198028564453
0.5284118056297302
0.0
0.0
-5.556907653808594
6.292705535888672
26.761751174926758
17.081275939941406
97.18560028076172
24.63220977783203
1.1341804265975952
15.870551109313965
10.227154731750488
0.0
0.0
52.75094985961914
9.212997436523438
0.11795942485332489
-0.0026620174758136272
34.035762786865234
13.231764793395996
0.0
2.948477029800415
6.330023765563965
0.0033967343624681234
22.65550994873047
1.1008679866790771
0.662818193435669
1.4619237184524536
1.1894654035568237
0.021810462698340416
0.0
-0.026233723387122154
0.811500608921051
9.712857246398926
4.756969451904297
4.792351245880127
0.43041524291038513
0.0977429524064064
0.0
-0.4792751669883728
-0.0333491787314415
0.0
-0.33533093333244324
1.9446742534637451
-0.10864504426717758
24.340896606445312
0.9241319298744202
0.0977429524064064
0.0
0.0
0.0
0.021718153730034828
7.593106746673584
0.30252572894096375
0.4517306983470917
0.0
0.26213422417640686
19.35732650756836
5.051934719085693
0.06874427199363708
0.0
0.0
0.0
0.0
0.3282006084918976
-0.10834529250860214
19.395061492919922
19.752599716186523
0.0490029938519001
0.0
0.0
-0.6562778949737549
2.0260674953460693
0.015285292640328407
0.6353291273117065
4.609439373016357
24.381961822509766
23.649600982666016
3.6351351737976074
0.0
0.0
-0.3626444935798645
16.102184295654297
14.869040489196777
8.992127418518066
13.372488021850586
-0.08871006220579147
-1.2624794244766235
1.1775786876678467
0.180869460105896
17.877731323242188
9.041095733642578
4.146300315856934
5.578572750091553
0.2057230919599533
0.0
0.00509509677067399
0.0033967343624681234
0.0
-0.18689078092575073
0.38418108224868774
-0.5134320259094238
31.928394317626953
0.6585985422134399
-0.726097047328949
4.0308709144592285
1.7994744777679443
1.35256028175354
0.47581449151039124
1.4864214658737183
0.01721295714378357
0.07450883090496063
0.0
2.1343538761138916
0.0
-2.4780592918395996
17.243515014648438
0.0
0.0
0.0
-0.004128896165639162
10.332864761352539
1.8257927894592285
10.649470329284668
25.751422882080078
14.840460777282715
5.7291388511657715
-1.446838140487671
26.33226776123047
2.522165060043335
0.581934928894043
11.247283935546875
3.156264066696167
0.10124631971120834
1.5314956903457642
5.794558525085449
0.0
-0.8151953220367432
0.5993092656135559
0.006286230403929949
1.1305960416793823
1.6989021301269531
0.8725651502609253
1.4162206649780273
11.389491081237793
9.92143726348877
0.0502241812646389
-0.46615830063819885
-0.005921761970967054
-1.2874637842178345
1.8729585409164429
0.0
5.789403915405273
4.734734535217285
0.0
2.001060724258423
8.061927795410156
0.028872231021523476
2.074477195739746
2.488450288772583
8.696619987487793
0.0
0.0
0.0016983671812340617
0.25466594099998474
1.5746968984603882
0.0
-0.17431481182575226
5.029128551483154
0.9784226417541504
-0.01244161743670702
-0.2094583362340927
0.0
0.0
0.0
0.0
0.0
0.0
0.04076077416539192
0.0
0.0
0.0
-0.04424713924527168
5.843862056732178
-0.06516923010349274
0.17991964519023895
6.40279483795166
1.0867054462432861
0.12380299717187881
0.3784653842449188
0.0977429524064064
0.0
0.0
0.0
0.05604613199830055
0.0
0.16831772029399872
0.0
1.0996938943862915
1.3505194187164307
0.0
0.0
4.192859649658203
0.0
-0.0035638241097331047
-3.3253562450408936
20.47080421447754
38.98731231689453
19.84135627746582
0.45048871636390686
0.004917342681437731
0.0
2.3095688819885254
-0.006903307046741247
-0.0037892756517976522
0.0
0.0
0.0
1.8147369623184204
0.8639048933982849
3.15710186958313
4.370190620422363
0.14260295033454895
13.461297988891602
27.595125198364258
1.2847875356674194
0.26921868324279785
0.011412848718464375
0.0
0.0
0.004917342681437731
0.004917342681437731
-0.002888580085709691
15.50806999206543
0.4470394551753998
0.05421190708875656
-0.0028604790568351746
0.15472649037837982
-0.010276003740727901
0.0016983671812340617
18.734567642211914
11.001236915588379
0.2913728654384613
0.05715150386095047
0.005652864463627338
0.0018036136170849204
-0.2780824303627014
11.672606468200684
11.521445274353027
0.11755607277154922
0.006045409012585878
0.20755550265312195
0.0977429524064064
-0.8009270429611206
15.31131362915039
0.004917342681437731
0.0011280644685029984
0.004917342681437731
0.004917342681437731
-2.471882617101073E-4
0.022319715470075607
5.835111618041992
36.82659912109375
14.221184730529785
1.2987598180770874
8.041105270385742
4.28985595703125
0.0
0.23482464253902435
0.004917342681437731
44.610774993896484
30.410917282104492
0.15148018300533295
0.16749969124794006
0.006045409012585878
0.0
14.907169342041016
1.4435559511184692
0.0
0.0
0.0
0.0
2.210099697113037
0.7384381890296936
0.0
0.0
6.551440715789795
31.25037384033203
-0.39198118448257446
0.2055695354938507
0.016908880323171616
7.070200443267822
24.76856231689453
32.609046936035156
41.320560455322266
37.68056106567383
2.4165875911712646
0.004917342681437731
0.0
0.004917342681437731
0.0
0.0
5.370849609375
19.453081130981445
35.49517059326172
0.6814582347869873
5.6805419921875
0.41790807247161865
0.0
-0.0031140316277742386
0.0
0.0
0.0
0.0
0.0
0.0
0.0
-0.6574833393096924
22.564762115478516
49.77507400512695
15.405749320983887
-0.8395897150039673
-0.006228063255548477
-0.2035687416791916
54.58543395996094
14.593755722045898
43.16909408569336
26.216524124145508
86.08466339111328
8.278319358825684
0.7644809484481812
0.0016983671812340617
-0.04777683690190315
-0.48617124557495117
45.66569900512695
8.981805801391602
-0.013766855001449585
-0.0031140316277742386
0.0
16.582866668701172
8.99266529083252
0.03226897493004799
2.2545170213561505E-4
12.588884353637695
93.16073608398438
8.21961784362793
-0.008762444369494915
7.370830059051514
6.908970832824707
0.0
0.0
0.011272585950791836
19.408260345458984
0.6463029980659485
0.457818865776062
0.004917342681437731
0.0
-0.03485357016324997
33.868072509765625
2.342575788497925
0.0
24.708044052124023
1.6165536642074585
0.5370622277259827
0.4270806610584259
0.02207876183092594
0.4837089478969574
0.0
22.947599411010742
-0.0075785513035953045
-1.5742982625961304
11.28396987915039
1.151888370513916
4.3558430671691895
0.0
0.0
0.0
-0.01564042456448078
0.011272585950791836
0.0
-2.0640268325805664
3.263437271118164
5.412923336029053
2.474822521209717
1.890629529953003
27.044864654541016
-0.005640828981995583
2.072460889816284
36.11195373535156
0.0
2.5504844188690186
57.06993865966797
5.68164587020874
17.357881546020508
0.0
-1.9378857612609863
4.617373466491699
22.410781860351562
13.650601387023926
32.6275520324707
3.4434244632720947
0.1002337783575058
4.8936262130737305
3.938952684402466
1.0911881923675537
6.626481056213379
7.15962028503418
14.054449081420898
6.071356296539307
-0.25123468041419983
23.720989227294922
0.0883343368768692
0.0
-2.198925495147705
-0.17165571451187134
4.7377519607543945
-0.006852146703749895
21.68448829650879
-1.9675123691558838
39.50043869018555
7.212587356567383
0.0
0.0
0.0
14.026010513305664
0.5881560444831848
-0.26922374963760376
-0.26099374890327454
-1.9701629877090454
6.784026145935059
0.08787132054567337
12.64748764038086
5.585827827453613
2.9586212635040283
0.5743913650512695
0.3511601388454437
0.0
8.464187622070312
5.468200206756592
0.09472738951444626
0.0
0.0
18.38400650024414
50.81459045410156
28.7823486328125
4.482133865356445
0.23369739949703217
-2.0504074096679688
-0.19740206003189087
48.2276496887207
0.30815860629081726
10.902655601501465
8.24371337890625
0.0
-1.9582796096801758
11.686800956726074
8.45926284790039
-6.554231643676758
11.019619941711426
4.907643795013428
0.47321945428848267
0.7114214301109314
20.8057861328125
6.384062767028809
0.8519131541252136
1.4594855308532715
5.192051887512207
7.913331985473633
24.21573829650879
-0.25035667419433594
2.908022403717041
12.280460357666016
-0.020676933228969574
0.058695703744888306
-0.3632885217666626
13.866125106811523
0.05522260442376137
38.40384292602539
10.094084739685059
0.0488714762032032
5.532395839691162
5.3537116050720215
0.19181255996227264
1.921155333518982
27.557525634765625
58.696372985839844
5.705624103546143
0.7819436192512512
0.0
0.0
0.04464878514409065
-0.9592888355255127
12.25022029876709
3.3829562664031982
3.8248114585876465
0.0
0.0
-0.05141330510377884
0.0
0.0
0.0
0.44327378273010254
3.748167037963867
7.622906684875488
0.7545214295387268
1.1653789281845093
1.0787245035171509
3.0924272537231445
2.2959370613098145
0.22394713759422302
-0.012483012862503529
3.3147835731506348
0.796371340751648
0.004917342681437731
0.0
0.03787589073181152
-0.2286093533039093
12.738409996032715
4.181727409362793
15.23018741607666
1.7578247785568237
3.3556368350982666
7.715456485748291
2.1455209255218506
8.734220504760742
7.886142253875732
0.7387954592704773
6.677815914154053
0.029389018192887306
0.0
0.0323803648352623
-0.7317484617233276
1.5307897329330444
4.39845085144043
1.5254995822906494
1.744706153869629
0.4888859689235687
0.2991487383842468
0.1466144174337387
-0.028026292100548744
0.0
0.0
0.0
-0.1502024084329605
0.47261354327201843
0.0
0.005142795387655497
-0.00924958661198616
-5.473622798919678
44.11557388305664
19.809616088867188
21.077775955200195
1.9433664083480835
2.2640438079833984
79.86774444580078
29.94282341003418
0.009834685362875462
0.009834685362875462
0.039223700761795044
0.0022561289370059967
0.009834685362875462
-0.0037078228779137135
5.614908695220947
3.403949737548828
0.14774248003959656
0.6340699791908264
24.622896194458008
4.533385753631592
1.365098476409912
5.264399528503418
29.181772232055664
12.705984115600586
0.14727021753787994
0.0
-0.033412519842386246
1.2276498079299927
31.725507736206055
23.831762313842773
0.6778367161750793
0.7748199105262756
0.7001336216926575
0.142261803150177
-0.8559242486953735
-0.10732202231884003
0.033682215958833694
-0.048918865621089935
0.28621527552604675
-0.08234205842018127
5.302854061126709
12.018633842468262
0.5009773969650269
0.011533054523169994
0.004917342681437731
5.226893424987793
7.462510108947754
0.33245253562927246
0.014752030372619629
0.014752030372619629
0.004917342681437731
-0.08042933791875839
-0.11794497817754745
0.05906166881322861
-0.13398496806621552
-0.021645179018378258
0.0
-0.8087628483772278
17.94529914855957
53.27273178100586
11.352394104003906
29.919281005859375
0.0
0.16227230429649353
0.004917342681437731
-0.006700464524328709
-2.1414387226104736
-2.9864413738250732
-1.1771612167358398
0.05146382376551628
0.5564308762550354
0.0
-0.5641881227493286
0.006615709513425827
0.006720654666423798
0.014752030372619629
0.0
0.0
0.001352710067294538
0.09781298041343689
1.710909128189087
14.795267105102539
0.005483592394739389
15.561074256896973
31.048797607421875
0.009834685362875462
0.009834685362875462
0.014752030372619629
7.392361164093018
20.071109771728516
0.9587202668190002
26.84827423095703
-0.29595333337783813
42.80497741699219
9.638477325439453
0.38683080673217773
4.642263889312744
11.810356140136719
0.004917342681437731
-0.032301198691129684
-0.03736837953329086
0.009834685362875462
-1.0115621089935303
35.940345764160156
0.0
1.4746359586715698
0.014536901377141476
6.629060745239258
2.7278432846069336
0.004917342681437731
0.0
0.32039281725883484
0.0
0.0
-6.179706542752683E-4
17.835824966430664
1.8843127489089966
0.5818807482719421
0.025312138721346855
0.0
0.0
0.0
4.882786306552589E-4
0.009834685362875462
0.009834685362875462
0.0033967343624681234
0.0
-0.7833330631256104
-0.8734471201896667
-1.6895511150360107
-2.3658688068389893
-1.1116422414779663
0.23720009624958038
0.04133034497499466
-0.0305928997695446
1.768698811531067
6.025415897369385
0.1927259862422943
1.8277339935302734
0.0
-0.0031140316277742386
2.2545170213561505E-4
0.0
0.0
0.7048941254615784
15.87923812866211
16.596742630004883
-1.996558427810669
-0.05079881101846695
0.0
0.014386309310793877
0.0
0.0
0.7411277890205383
12.083264350891113
102.33753967285156
22.06583595275879
20.231456756591797
-0.051921818405389786
0.0
0.10869549959897995
1.2132656574249268
4.125991344451904
0.0
0.0
1.89279043674469
0.45008042454719543
0.10027984529733658
1.7655822038650513
0.0
25.257659912109375
10.872570991516113
6.894392967224121
0.03957921639084816
0.0
0.0
0.0
0.8970643281936646
12.696473121643066
2.637120008468628
5.959571838378906
1.0884038209915161
0.004917342681437731
0.0
0.0
0.04522257298231125
14.428444862365723
0.07774369418621063
6.441030025482178
0.1775156706571579
-0.1299632042646408
0.0
-0.0019775060936808586
26.50754165649414
4.883447170257568
-0.02179822511970997
0.0
0.0
0.0
-0.2533918619155884
10.206839561462402
0.0
0.0
0.008225885219871998
13.771286964416504
0.0
0.0
0.0
0.0
5.602492809295654
17.682720184326172
3.8857383728027344
2.7345492839813232
0.0
0.14605121314525604
0.2742348909378052
20.944841384887695
1.5268129110336304
-1.4208488464355469
9.231021881103516
0.2575485110282898
-0.0037892756517976522
0.017134329304099083
11.147815704345703
45.510047912597656
0.0
0.88460373878479
13.78006362915039
3.1382532119750977
6.584385395050049
1.128448486328125
1.5688111782073975
5.316858291625977
-0.5666275024414062
0.0
1.7977763414382935
7.313032150268555
28.080310821533203
2.6081297397613525
0.0
0.0
0.8864367604255676
0.03226897493004799
-0.006228063255548477
9.979576110839844
20.564929962158203
3.4863247871398926
6.6125030517578125
1.0480979681015015
5.222535133361816
5.718844413757324
0.0
0.0
0.006793468724936247
0.06963300704956055
-0.13930381834506989
-0.0400075800716877
0.07752146571874619
6.840435028076172
4.601117134094238
10.806830406188965
3.3086280822753906
17.035987854003906
1.2563364505767822
0.10321410745382309
2.2805938720703125
1.4081951379776
3.1761574745178223
10.95139217376709
-1.6247390508651733
3.0907931327819824
22.45479393005371
0.45615828037261963
4.604228973388672
10.597968101501465
2.3575971126556396
0.23344506323337555
19.156587600708008
4.822201251983643
2.8684895038604736
0.21184958517551422
16.70516586303711
8.172118186950684
8.384549140930176
20.023103713989258
3.857426166534424
0.6173975467681885
6.290041446685791
10.96888256072998
0.0
6.638092517852783
12.584802627563477
14.959413528442383
0.8817119002342224
11.747549057006836
7.792794227600098
13.216887474060059
1.5606738328933716
21.275575637817383
35.012088775634766
7.899175643920898
0.8184620141983032
0.5366839170455933
4.157224178314209
0.012914448045194149
0.26553651690483093
15.187312126159668
1.0861963033676147
13.66547679901123
6.036988258361816
8.127460479736328
10.80042552947998
29.66770362854004
17.23731231689453
0.7135895490646362
0.10818154364824295
0.0
0.0
0.0
0.00509509677067399
0.5583912134170532
0.0
0.0
0.265500009059906
-2.135488986968994
2.812437057495117
4.230889797210693
4.226268768310547
0.06387313455343246
0.0
0.0
0.0
-2.6676583290100098
7.800957202911377
0.0
0.0
0.0
0.0
-1.3635308742523193
29.529874801635742
65.476318359375
55.4715690612793
34.827919006347656
27.607810974121094
5.352713108062744
6.44622802734375
-1.6784319877624512
1.9370578527450562
1.0384501218795776
0.03758017718791962
6.807943344116211
-0.021607588976621628
0.0
0.004917342681437731
4.192310333251953
-0.012242346070706844
3.7020139694213867
0.0018033116357401013
0.12900123000144958
-2.333176851272583
37.77656555175781
0.8410369157791138
-0.014641406014561653
18.82322883605957
1.9584494829177856
7.438754081726074
11.970438003540039
0.014752030372619629
35.44160079956055
4.283416748046875
0.009834685362875462
0.006720654666423798
0.009834685362875462
0.009834685362875462
0.005593698006123304
0.06415091454982758
3.164740800857544
-0.3680706024169922
4.450868606567383
0.10464134812355042
0.0022561289370059967
0.009834685362875462
0.009834685362875462
0.005483592394739389
3.0428223609924316
0.4038061797618866
30.712343215942383
14.253558158874512
-0.005775239318609238
-0.021553363651037216
31.92152214050293
0.9892460703849792
0.3638954162597656
-0.12106532603502274
0.3172171115875244
1.33293879032135
0.004917342681437731
0.0
7.9330925941467285
0.2374192774295807
-1.428502082824707
0.01157024223357439
1.142612099647522
-0.03279766067862511
0.004917342681437731
0.009834685362875462
0.0
-0.1552090048789978
-8.578947745263577E-4
0.10366220772266388
5.488329887390137
0.004917342681437731
0.004917342681437731
33.22971725463867
21.97870635986328
0.009834685362875462
0.014752030372619629
0.004917342681437731
0.009834685362875462
-0.005150927696377039
0.0
0.0
0.0
-2.2083261013031006
16.270416259765625
-0.3279997706413269
1.1217856407165527
32.25838851928711
18.838729858398438
10.599872589111328
11.730355262756348
33.0970344543457
18.714120864868164
1.792053461074829
-0.01868418976664543
1.3003273010253906
3.0095033645629883
21.050029754638672
4.337833881378174
2.752410650253296
0.009834685362875462
0.009834685362875462
0.009834685362875462
0.009834685362875462
0.004917342681437731
0.009834685362875462
0.005368247162550688
3.659600257873535
0.018326522782444954
23.17444610595703
14.651470184326172
-0.6052036285400391
0.1181337758898735
36.2645149230957
48.908660888671875
0.4784942865371704
19.80299186706543
96.95663452148438
1.2869049310684204
0.005839994177222252
0.009893042966723442
2.2545170213561505E-4
-1.1987236738204956
0.6003322601318359
3.0536797046661377
4.727663516998291
33.73360061645508
0.41796958446502686
6.45185661315918
4.424562931060791
2.946451187133789
1.9168943166732788
0.0
0.0
-0.3096754550933838
23.57113265991211
77.537841796875
4.607463836669922
0.0
0.0
0.03948235511779785
1.4611481428146362
12.182313919067383
0.03320273384451866
-0.3249664306640625
-0.4745601415634155
22.37457847595215
16.18907928466797
-0.040482405573129654
-0.028026292100548744
10.693229675292969
5.056698799133301
5.425552845001221
4.01212215423584
-0.0019519873894751072
3.5464019775390625
41.22133255004883
46.58390426635742
4.531840801239014
0.0
0.0
0.0
0.0
-2.6254138946533203
21.166927337646484
0.053788814693689346
11.438077926635742
16.96223258972168
2.9155349731445312
0.009834685362875462
0.004917342681437731
0.0
0.0
0.0
-0.0034606391564011574
-0.12297548353672028
2.6182913780212402
-0.016623767092823982
18.42529296875
2.0869667530059814
0.004917342681437731
4.667504787445068
9.937812805175781
0.06939496845006943
0.0
0.004917342681437731
0.0
0.0
-0.1476774364709854
13.569252014160156
10.04794692993164
2.4629588006064296E-4
0.0
-2.1852378845214844
0.06103254854679108
0.0
-3.3956491947174072
5.96903657913208
5.533243179321289
0.004917342681437731
0.0033967343624681234
32.129520416259766
5.4639787673950195
5.662465700879693E-4
13.065268516540527
0.0
0.0
0.00509509677067399
0.07264860719442368
0.015285292640328407
0.0
0.0135270981118083
-0.8280804753303528
43.68140411376953
19.911922454833984
2.2315659523010254
0.0
10.187604904174805
7.358864784240723
0.03566570580005646
0.0
0.0
0.0
0.0
0.0
-0.06639035791158676
0.36734944581985474
0.0
2.2548201084136963
2.7135534286499023
7.051027297973633
0.024586712941527367
0.01984713412821293
0.10661590099334717
7.997508525848389
0.1954859048128128
0.0
0.0
0.0
-0.013595358468592167
0.413573294878006
16.66745948791504
7.194985866546631
0.004917342681437731
0.0
0.0
0.2932288348674774
0.0
-0.08003149926662445
-0.24391832947731018
11.989038467407227
0.0
0.0
-0.028026292100548744
0.0
-1.3318160772323608
2.610727548599243
2.9918980598449707
8.350424766540527
3.41788911819458
-0.0015358702512457967
0.011272585950791836
1.8900688886642456
15.784274101257324
3.049311637878418
-0.7604373693466187
6.420100688934326
0.8345464468002319
0.7430597543716431
0.0
0.3052716851234436
2.2545170213561505E-4
0.040315307676792145
0.7141724824905396
3.792837619781494
3.03271222114563
2.2092397212982178
18.805721282958984
0.0033967343624681234
0.0
13.972213745117188
27.71432876586914
4.570971488952637
0.1466144174337387
0.0
0.0
0.0509510412812233
6.611806869506836
0.0
0.35261163115501404
0.0033967343624681234
2.518726348876953
0.3590679466724396
40.497249603271484
51.728755950927734
17.153079986572266
0.0
0.0
0.9713982343673706
1.6752170324325562
0.007644332014024258
3.7397379875183105
4.428674221038818
-0.2654086649417877
4.573898792266846
9.241375923156738
0.9323466420173645
0.14979146420955658
0.005320550408214331
0.0
0.42658764123916626
0.0
