2.4713504314422607
0.5896096229553223
-9.353906498290598E-4
8.395458221435547
30.997177124023438
0.053558267652988434
0.0
0.0
-0.05450863391160965
21.96417236328125
-0.032279279083013535
51.81775665283203
34.05645751953125
2.7390246391296387
7.376833915710449
2.5400640964508057
1.5016300678253174
11.307826042175293
0.12119321525096893
22.199129104614258
-0.0061078364960849285
0.0
-0.2729966938495636
9.002411842346191
2.6246516704559326
3.541472911834717
19.063419342041016
0.6088462471961975
0.046304136514663696
0.0
0.0
0.0
-2.5324504375457764
5.257875442504883
0.0
0.0
0.12269667536020279
1.7660791873931885
6.967607021331787
0.7624642252922058
8.16877269744873
0.9446468949317932
0.8811831474304199
21.337265014648438
0.19590526819229126
0.2876647114753723
0.0
0.0
0.7392889261245728
1.8744001388549805
-0.02376849204301834
1.5471042394638062
0.0
0.0
8.414416313171387
24.10336685180664
0.08287156373262405
0.0
0.28959915041923523
17.145492553710938
6.14906120300293
0.5184863805770874
0.0
2.9885449409484863
4.327455043792725
12.337928771972656
0.15057533979415894
0.0
0.0
0.0
0.7254309058189392
0.007436754181981087
1.6500959396362305
-0.07333209365606308
4.980215072631836
13.855474472045898
18.992095947265625
5.941124439239502
0.03905000537633896
0.0
0.0
-0.017281414940953255
33.75117492675781
0.047404468059539795
3.796311616897583
1.5659219026565552
5.50943660736084
-0.10010512918233871
5.558070182800293
3.249791145324707
14.160959243774414
0.20353132486343384
NaN
NaN
NaN
NaN
NaN
NaN
NaN
NaN
NaN
NaN
NaN
NaN
NaN
NaN
NaN
NaN
NaN
NaN
NaN
NaN
NaN
NaN
NaN
NaN
NaN
NaN
NaN
NaN
NaN
NaN
NaN
NaN
NaN
NaN
NaN
NaN
NaN
NaN
NaN
NaN
NaN
NaN
NaN
NaN
NaN
NaN
NaN
NaN
NaN
NaN
NaN
NaN
NaN
NaN
NaN
NaN
NaN
NaN
NaN
NaN
NaN
NaN
NaN
NaN
NaN
NaN
NaN
NaN
NaN
NaN
NaN
NaN
NaN
NaN
NaN
NaN
NaN
NaN
NaN
NaN
NaN
NaN
NaN
NaN
NaN
NaN
NaN
NaN
NaN
NaN
NaN
NaN
NaN
NaN
NaN
NaN
NaN
NaN
NaN
NaN
NaN
NaN
NaN
NaN
NaN
NaN
NaN
NaN
NaN
NaN
NaN
NaN
NaN
NaN
NaN
NaN
NaN
NaN
NaN
NaN
NaN
NaN
NaN
NaN
NaN
NaN
NaN
NaN
NaN
NaN
NaN
NaN
NaN
NaN
NaN
NaN
NaN
NaN
NaN
NaN
NaN
NaN
NaN
NaN
NaN
NaN
NaN
NaN
NaN
NaN
NaN
NaN
NaN
NaN
NaN
NaN
NaN
NaN
NaN
NaN
NaN
NaN
NaN
NaN
NaN
NaN
NaN
NaN
NaN
NaN
NaN
NaN
NaN
NaN
NaN
NaN
NaN
NaN
NaN
NaN
NaN
NaN
NaN
NaN
NaN
NaN
NaN
NaN
NaN
NaN
NaN
NaN
NaN
NaN
NaN
NaN
NaN
NaN
NaN
NaN
NaN
NaN
NaN
NaN
NaN
NaN
NaN
NaN
NaN
NaN
NaN
NaN
NaN
NaN
NaN
NaN
NaN
NaN
NaN
NaN
NaN
NaN
NaN
NaN
NaN
NaN
NaN
NaN
NaN
NaN
NaN
NaN
NaN
NaN
NaN
NaN
NaN
NaN
NaN
NaN
NaN
NaN
NaN
0.0
0.0
0.0
0.0
0.0
0.0
0.0
0.0
0.0
0.0
0.0
0.0
0.0
0.0
0.0
0.4885566234588623
0.37210431694984436
0.0
0.0
-0.001256513874977827
-0.0030539182480424643
0.2514853775501251
17.269067764282227
0.0
-0.10161346942186356
22.950529098510742
0.0
8.230888366699219
0.0
27.821063995361328
107.44049835205078
9.685400009155273
2.8441343307495117
2.2403347492218018
3.0595755577087402
0.9387649893760681
-0.33542734384536743
0.0
0.8265447020530701
-0.00935149472206831
-0.0012618160108104348
0.0
0.041071608662605286
0.3905000388622284
0.0
10.874892234802246
3.3498916625976562
2.9943416118621826
0.07676374167203903
0.15620002150535583
-0.6380762457847595
3.8989291191101074
0.0
0.0
0.0
-0.010690182447433472
-0.02618083730340004
-0.016521979123353958
-1.473867416381836
3.6857945919036865
0.6754993796348572
0.0
0.0753694549202919
0.27056682109832764
0.0
-0.4674915671348572
0.0
-0.6969086527824402
11.795245170593262
0.2930011451244354
-0.8882064819335938
-0.4261798560619354
0.07810001075267792
0.0
5.035151958465576
0.0927763283252716
0.0
0.08214321732521057
0.0
0.0
0.0
-0.2025001049041748
9.62527847290039
0.0
-0.7387199401855469
10.45671558380127
18.516357421875
52.449684143066406
42.80812072753906
11.913769721984863
11.407465934753418
-0.47710180282592773
2.202984571456909
0.0
1.039547085762024
17.375659942626953
7.767781734466553
-0.09219618141651154
-0.002672545611858368
0.2765902876853943
2.3430001735687256
0.8995321393013
2.536634922027588
3.4325597286224365
3.7863752841949463
6.799400329589844
-0.0039893086068332195
-0.0763479471206665
-0.0360015332698822
0.0
0.0
9.57396411895752
0.0
0.0
0.0
0.0
0.0
0.0
0.0
8.720658302307129
0.0
-2.672546252142638E-4
21.666868209838867
-0.005042592994868755
2.99973201751709
-0.037297941744327545
0.33203959465026855
13.728870391845703
13.27557373046875
0.009730669669806957
0.0
0.04092702642083168
10.591002464294434
-0.49953240156173706
4.315977573394775
3.332275629043579
6.400228500366211
0.9901311993598938
1.5669465065002441
0.47660037875175476
0.0
0.0
-0.3322911858558655
-0.2618368864059448
17.595199584960938
-1.7014940977096558
34.43448257446289
1.9498695135116577
2.781334638595581
19.5405330657959
0.0
-0.025236329063773155
-1.827009916305542
9.08969497680664
0.0
0.4389795958995819
0.0
0.0
0.10811841487884521
8.39795970916748
4.783275127410889
16.358190536499023
4.182377815246582
1.9706394672393799
-0.19231349229812622
14.554766654968262
19.43318748474121
1.8054773807525635
-0.006026146933436394
1.826926827430725
0.8122703433036804
0.5333883762359619
0.24980004131793976
2.217456579208374
6.518326282501221
9.568930625915527
2.062871217727661
0.0
0.0
0.0
0.0
-0.7073766589164734
12.31591796875
0.0
1.6050097942352295
2.378650426864624
18.426319122314453
3.2897205352783203
-0.611686646938324
7.557747840881348
-0.01571866311132908
-0.25343450903892517
2.3146181106567383
9.32938003540039
5.06669807434082
1.8800418376922607
-0.0763479471206665
-0.27323320508003235
4.158542633056641
6.922060489654541
5.170533657073975
5.633633136749268
8.685059547424316
0.008263061754405499
2.754353336058557E-4
-0.14354300498962402
19.00951385498047
-0.218356654047966
8.953268051147461
0.7336864471435547
-0.06750369817018509
5.394952297210693
14.593498229980469
0.07305274158716202
0.0
-0.0024941819719970226
0.16456186771392822
0.0
0.5221346616744995
1.2045522928237915
-0.025236329063773155
-0.013882161118090153
2.0929174423217773
12.575799942016602
1.65586256980896
10.979767799377441
0.16144920885562897
0.024161485955119133
-1.0979371070861816
5.706826686859131
4.015816688537598
8.718182563781738
19.085065841674805
-0.12290863692760468
-0.7868344783782959
-1.803365707397461
-1.3547028303146362
-0.668120265007019
15.036863327026367
-0.004825961776077747
-0.38651588559150696
21.444265365600586
0.14745917916297913
-0.0024941819719970226
0.002346120309084654
0.03912922739982605
-0.004692335147410631
3.710427761077881
14.31571102142334
3.575144052505493
0.05847278982400894
-0.007186563219875097
-2.672546252142638E-4
-0.012026454322040081
-0.014699011109769344
0.0
-0.11941328644752502
54.71062088012695
0.017527980729937553
-0.5007166862487793
0.6650637984275818
10.871530532836914
-0.0023652457166463137
1.60020112991333
0.004728846251964569
0.0
0.11701638996601105
0.0
0.0
-0.09651830047369003
-3.717902183532715
5.903980255126953
15.906991004943848
0.0
-0.354591965675354
2.0858514308929443
9.56367301940918
-0.03073428012430668
0.13622769713401794
18.68230628967285
31.752965927124023
32.91823196411133
25.84886932373047
8.210005760192871
54.02214050292969
25.55482292175293
21.458755493164062
-0.0037854493129998446
9.201336860656738
0.6757280826568604
5.087081432342529
0.7966322898864746
9.433950181119144E-4
0.5175563097000122
0.4480080008506775
0.03905000537633896
0.0
0.0
-0.008869271725416183
0.006100009195506573
0.0
0.0
10.967352867126465
12.190902709960938
43.83243179321289
0.06399089097976685
0.04093798249959946
-0.021268663927912712
-0.6391390562057495
12.112701416015625
11.348368644714355
0.03715993091464043
0.0
0.021910781040787697
0.03842174634337425
0.0
0.03778818994760513
0.0768381878733635
-0.0012618160108104348
-0.0018760071834549308
0.12321482598781586
0.0
0.01597524993121624
0.9194167256355286
-0.10665330290794373
0.667838990688324
-0.07253701239824295
0.6230418086051941
15.951465606689453
37.39009094238281
0.4533853232860565
-0.0031875453423708677
-0.17028914391994476
8.437971115112305
0.4326789975166321
0.10706204175949097
30.974504470825195
5.712143898010254
-0.04868486896157265
1.9996124505996704
0.22067055106163025
-0.4103357493877411
11.235038757324219
2.3417747020721436
-0.0012618160108104348
0.0
0.7859224677085876
10.362394332885742
-0.06001386046409607
0.35688918828964233
-0.23080570995807648
-0.003454799298197031
-0.09680589288473129
-3.366583824157715
33.88780212402344
20.52528190612793
8.293899536132812
22.374116897583008
1.8223371505737305
0.0
0.0
0.0
-1.091761827468872
3.438847541809082
0.11715000867843628
0.03905000537633896
0.9104600548744202
0.07810001075267792
0.0
0.0
8.199236869812012
38.281795501708984
0.0
0.0
0.0
3.4471054077148438
17.53382110595703
9.112191200256348
1.2960498332977295
0.0
-0.21080507338047028
4.029226303100586
2.837934970855713
6.6603102684021
24.448152542114258
0.018991567194461823
0.0
-1.336273126071319E-4
0.0
0.0
-1.336273126071319E-4
0.0
0.0
-0.308673232793808
26.172082901000977
21.459625244140625
-0.0024941819719970226
25.95323371887207
-6.272044847719371E-4
-0.8267228603363037
34.397239685058594
-2.2950851917266846
7.549622535705566
4.473883628845215
27.87274932861328
0.8667618632316589
6.74066162109375
-0.0031928597018122673
-0.18170155584812164
-0.626015841960907
1.5547157526016235
22.73005485534668
0.6421915292739868
-0.24712657928466797
5.823816776275635
8.594452857971191
7.068644046783447
0.0
3.27164626121521
42.527278900146484
10.84638500213623
-1.5311347246170044
-0.14218857884407043
-1.0072189569473267
8.841124534606934
15.691080093383789
26.953393936157227
1.1876729726791382
0.0
14.330490112304688
6.235717296600342
0.8365771174430847
0.5339308977127075
0.08214321732521057
0.003163362620398402
49.193939208984375
7.587562084197998
-2.672546252142638E-4
0.0
0.0
-0.034229133278131485
0.4798617660999298
2.3253672122955322
2.1250336170196533
21.388118743896484
-1.2612240314483643
6.698473930358887
0.4893813729286194
-0.022712694481015205
0.0
2.2851455211639404
5.576319694519043
-0.21054349839687347
6.702110290527344
30.057260513305664
11.673380851745605
-1.8480162620544434
25.33454704284668
0.06012610346078873
-0.8681453466415405
21.69688606262207
17.144977569580078
2.8746063709259033
13.230317115783691
0.0
-0.004583653993904591
-2.5040435791015625
1.667681097984314
0.32416000962257385
0.0
16.438220977783203
0.6653941869735718
1.5229164361953735
0.0
-1.336273126071319E-4
15.846999168395996
3.4619171619415283
0.9835554361343384
-4.178351879119873
35.251224517822266
6.500524520874023
0.0
0.0
0.0
0.020933082327246666
-0.011759201064705849
8.434612274169922
22.983749389648438
-0.002026918111369014
-0.10161375999450684
7.775833606719971
1.9215055704116821
-0.004142445512115955
0.0
0.0
4.2132487297058105
7.950162410736084
11.082051277160645
-0.15821419656276703
0.0
5.4670000076293945
0.5366441607475281
-1.013301968574524
19.544618606567383
0.07509397715330124
0.6571457386016846
2.8438615798950195
10.635042190551758
0.0
7.086793899536133
9.08952522277832
0.0
0.0
2.6000423431396484
0.01282600499689579
0.0
0.0
0.0
0.0
10.124424934387207
2.087390184402466
-0.32608041167259216
6.2114057540893555
2.8580546379089355
8.386563301086426
15.884431838989258
12.087910652160645
11.684231758117676
7.345674991607666
-1.4167169332504272
8.380265235900879
13.774726867675781
0.37696221470832825
-0.24104493856430054
9.437954902648926
0.07244569063186646
-0.04791780188679695
109.99662017822266
4.904108047485352
0.8003467321395874
-1.5238854885101318
-1.838744878768921
18.23959732055664
15.123408317565918
-6.282569374889135E-4
-0.45879068970680237
0.14868956804275513
-0.06703393161296844
5.896806240081787
-0.2949163317680359
0.0
0.2614840567111969
1.9607702493667603
-2.086120128631592
0.5079160332679749
6.358892917633057
4.591628551483154
15.120100021362305
8.859919548034668
0.13876423239707947
-0.3939306139945984
-2.074111223220825
4.056249618530273
0.0
-0.5484026074409485
-0.029048586264252663
26.235435485839844
3.9143457412719727
0.08214321732521057
0.8212984800338745
5.174889087677002
3.662926435470581
1.0244113206863403
-0.9796360731124878
0.0
-0.16116578876972198
-0.7173764705657959
1.222921371459961
0.03905000537633896
-0.6234709024429321
17.059762954711914
2.922037124633789
0.1568370759487152
-0.0012719488004222512
-0.0012618160108104348
0.0
3.3245832920074463
1.214268684387207
-0.0018707812996581197
0.0
0.0344691276550293
-2.672546252142638E-4
0.0
-0.00498175760731101
-0.05592379719018936
13.948437690734863
-0.04414122924208641
0.0
0.0
-0.0037220537196844816
0.15311552584171295
0.05946976691484451
9.20901107788086
-1.0460206270217896
17.196571350097656
2.840891122817993
26.248199462890625
14.33461856842041
3.305881977081299
-0.0036079830024391413
-0.004692335147410631
-0.036388084292411804
1.1185303926467896
5.209237098693848
2.039705753326416
0.11283428221940994
-0.009297491051256657
0.0
0.07882203906774521
-0.0061078364960849285
0.5750024914741516
0.0
0.03980978950858116
-0.22705835103988647
-2.138592481613159
-0.5420606732368469
-0.3770604729652405
-0.020696941763162613
0.043835580348968506
26.235456466674805
1.9400314092636108
-4.0088186506181955E-4
0.0
0.0
-0.0012618160108104348
-0.0012618160108104348
-0.0012618160108104348
0.0
-0.40035757422447205
1.3785407543182373
30.500789642333984
18.6060848236084
2.7883799076080322
5.09691047668457
0.013779165223240852
0.10962466895580292
1.8517792224884033
7.277219295501709
13.072525024414062
0.612067699432373
34.9022331237793
3.2695086002349854
-0.0018847708124667406
-0.09022947400808334
14.670727729797363
6.309942722320557
11.866781234741211
-0.025478674098849297
-0.021152468398213387
0.9151666760444641
-0.02008797787129879
-0.022717922925949097
-0.0025438976008445024
-0.020743774250149727
-0.393407940864563
-0.08286821842193604
-0.016930170357227325
-0.006987922824919224
0.07782748341560364
-0.004449362400919199
-0.0016626979922875762
-0.0012618160108104348
-0.06007752940058708
16.815444946289062
3.816364049911499
0.30764496326446533
65.53083801269531
0.0
-0.0026572602801024914
0.0
0.0
0.0
0.9790856838226318
16.611555099487305
0.502602756023407
0.03889395669102669
-0.0012618160108104348
0.0
0.07281263917684555
5.346376895904541
9.736665725708008
-0.333007276058197
-2.818582534790039
1.6976006031036377
1.036211371421814
0.5399904251098633
-0.001336272805929184
-0.07231643050909042
-0.0012618160108104348
-0.007038502488285303
-0.004692335147410631
-0.009349780157208443
-0.0020818235352635384
0.061186470091342926
0.541145920753479
0.03455324470996857
0.0
-0.24220648407936096
0.0
-0.0045829894952476025
0.0
0.0
3.0259311199188232
-0.2530832290649414
14.665968894958496
-0.0025236320216208696
0.0
0.0
0.0
0.0
-0.02177279070019722
-0.7572504878044128
-2.8327789306640625
20.143856048583984
-0.0027058161795139313
-0.0025438976008445024
-0.029666932299733162
0.6330863237380981
3.8860836029052734
1.5274995565414429
-0.13258598744869232
0.10940375924110413
0.0
0.0
-0.002636674093082547
-0.001336272805929184
0.0
4.99092960357666
3.3681366443634033
15.21221923828125
1.5935683250427246
0.0
0.0
0.0
0.0
1.5130507946014404
0.41384023427963257
0.0
0.0
0.502973198890686
0.5789105892181396
-0.04250962287187576
1.2132699489593506
20.68482780456543
0.8760805726051331
1.4419530630111694
1.3649752140045166
0.011166787706315517
8.278132438659668
1.5246158838272095
0.0
-0.03508881479501724
-0.06902767717838287
-0.06730345636606216
5.765732765197754
12.670401573181152
7.734740734100342
0.0
34.40018844604492
2.4671084880828857
0.799039363861084
0.12321482598781586
0.0
0.0
0.0
0.0
0.0
0.0
-1.359368085861206
0.22531932592391968
19.71038818359375
0.8048312067985535
0.0
0.0
11.51397705078125
72.45791625976562
-0.16845940053462982
0.0
0.41071605682373047
2.667170286178589
-0.002672545611858368
24.790102005004883
8.368003845214844
0.16428643465042114
1.3964346647262573
-0.12806761264801025
13.81689453125
6.998234272003174
2.3106689453125
0.0
0.0
-0.00888253003358841
-0.3995955288410187
13.20137882232666
2.5894124507904053
0.0
2.2821309566497803
7.653554439544678
7.252427577972412
0.3896775245666504
-0.03797246143221855
0.0
0.0
0.0
15.816398620605469
3.2421762943267822
3.7004928588867188
3.4722325801849365
1.3724167346954346
-0.07329403609037399
0.0
-0.14056867361068726
0.0
-0.08018390834331512
-0.01338179036974907
13.396408081054688
-6.68136402964592E-4
0.0
0.0
33.86990737915039
0.0
-2.6223013401031494
43.54258346557617
-0.008834503591060638
12.097695350646973
19.881912231445312
26.469911575317383
0.12470053881406784
0.0
0.0013896151212975383
0.09545870125293732
43.80562973022461
4.2317352294921875
0.18585333228111267
0.0
0.0
0.0
0.0
-0.7760492563247681
3.559643268585205
25.335628509521484
32.598785400390625
5.744104385375977
0.0
0.0
0.0
0.0
0.0
-0.4640692472457886
3.218839406967163
-1.1380696296691895
-0.030351953580975533
4.779778480529785
30.136268615722656
0.8888410925865173
9.616597175598145
3.739518880844116
0.3472948968410492
0.7803605198860168
-0.0045808772556483746
-0.006611625663936138
-0.3072108030319214
-0.3117974102497101
1.8005465269088745
0.8578220009803772
20.0534725189209
12.713530540466309
0.06061128154397011
0.03905000537633896
0.4992687702178955
5.270543098449707
3.9979774951934814
1.450200080871582
-2.9328696727752686
8.008890151977539
-0.21813863515853882
5.9539570808410645
15.813852310180664
6.568368911743164
2.4329311847686768
0.4843381941318512
0.17917567491531372
0.08214321732521057
7.231057643890381
0.06573234498500824
2.754353336058557E-4
5.221905708312988
5.46688985824585
0.2521708607673645
-0.016450008377432823
-0.0016940135974436998
-0.012618164531886578
0.1794489175081253
0.0
-5.345092504285276E-4
-0.03666434437036514
-0.001469900133088231
0.0
0.04872062802314758
3.132544755935669
0.880041241645813
14.413995742797852
0.0
0.0
5.694339275360107
0.0
0.0
0.0
-0.02617490477859974
-0.700515627861023
8.768299102783203
0.2464296519756317
0.0
0.2058420032262802
3.2835497856140137
5.969682693481445
1.1545288562774658
1.7322958707809448
0.15025387704372406
4.0987772941589355
2.482565402984619
65.12455749511719
6.1661553382873535
0.02826354093849659
0.0
0.03905000537633896
0.0
0.0
4.5272979736328125
32.56832504272461
3.849567174911499
0.4686000347137451
2.1087002754211426
0.06537101417779922
0.006033892743289471
2.9296138286590576
3.0159542560577393
0.43428540229797363
-0.016377342864871025
-0.013022057712078094
-0.05051063001155853
0.8383508324623108
6.392441272735596
4.065232276916504
0.05218265578150749
0.0
0.041071608662605286
-0.03614389896392822
-0.13961157202720642
-1.3292423486709595
0.8698493838310242
34.902767181396484
0.506046712398529
0.0
-0.8643217086791992
11.766475677490234
0.06304821372032166
0.043821562081575394
-0.0025236320216208696
-0.0012618160108104348
-0.004692335147410631
-1.336273126071319E-4
-0.9712236523628235
11.209173202514648
0.0
0.0
61.16699981689453
41.36635208129883
12.906375885009766
2.857922077178955
71.58915710449219
2.5366721153259277
0.0288559403270483
-0.0046940636821091175
4.182734966278076
1.2930837869644165
25.95874786376953
-1.6246569156646729
3.1776914596557617
0.019387146458029747
-0.0025236320216208696
-0.0012618160108104348
0.0
-0.00857018306851387
0.34101343154907227
4.92945671081543
18.391061782836914
1.0515934228897095
9.626012802124023
0.373822420835495
0.0768381878733635
-0.0012618160108104348
-0.0045808772556483746
-0.007104508578777313
0.6511915922164917
3.7172744274139404
2.670933246612549
2.122450590133667
-0.008013507351279259
-0.006661900784820318
-0.005577549804002047
-0.1718696802854538
4.917703151702881
-0.9855040311813354
16.89767074584961
7.04396390914917
0.8318102359771729
0.0
-0.00610994640737772
0.0
-0.017163462936878204
0.443888396024704
-0.0012618160108104348
-0.0015290711307898164
0.002890081377699971
-3.49905138136819E-4
0.0634894073009491
-1.0276042222976685
1.2586685419082642
0.06629616767168045
2.7711546421051025
2.3483026027679443
-0.06849491596221924
-0.049140412360429764
-1.5795111656188965
15.278457641601562
3.5327320098876953
11.33498477935791
-0.03406905010342598
-0.0013954434543848038
-0.001861009863205254
19.422378540039062
0.04066966846585274
-0.0025629615411162376
-0.0025236320216208696
0.0
0.8145357370376587
-2.212738513946533
43.75465774536133
7.276413440704346
3.5726940631866455
-0.003328682854771614
-0.02463495172560215
0.4895753562450409
0.2875012457370758
0.0
0.0
0.0
0.08214321732521057
0.0
-0.004315734840929508
0.0
0.04881143942475319
-1.7104989290237427
27.002338409423828
5.301558494567871
0.06360017508268356
0.0
0.0
0.0
-0.7071396112442017
10.24185562133789
0.18590518832206726
-0.0030539182480424643
-1.336273126071319E-4
-0.0025236320216208696
0.0
0.0
0.0
0.0
0.013638140633702278
-0.21361730992794037
-0.20108957588672638
1.8759111166000366
-0.009726178832352161
0.35084813833236694
1.9153130054473877
9.503859519958496
-0.0012618160108104348
0.0
0.1047823503613472
0.12939606606960297
2.3586251735687256
0.0
-0.0012618160108104348
0.0
0.0
-0.054218705743551254
1.0389418601989746
0.039884600788354874
0.0
0.0
0.0
-0.06601084768772125
-1.3258171081542969
2.6149179935455322
17.338531494140625
14.394956588745117
17.12482452392578
22.02095603942871
25.398700714111328
-0.0025183302350342274
0.0
0.0
0.0
0.9399662613868713
18.138078689575195
4.692567825317383
17.886730194091797
19.0473690032959
-0.0030539182480424643
0.0
1.0027782917022705
15.310002326965332
10.536861419677734
-4.0088186506181955E-4
0.0
-0.0018707812996581197
0.0
-0.002004410373046994
-0.02559235692024231
0.13996174931526184
0.0
0.0
-0.08200439810752869
2.004173755645752
6.556276798248291
-0.007151770871132612
12.337661743164062
2.0886733531951904
0.0
-1.150315284729004
49.436309814453125
0.0
16.057157516479492
0.0
0.0
0.0
-0.3096586763858795
7.270717620849609
10.769281387329102
13.433674812316895
4.019487380981445
0.0
0.0
-0.0011808373965322971
0.007475066464394331
0.08764312416315079
0.0
0.08412416279315948
8.420598983764648
-0.22981159389019012
19.350753784179688
0.0
0.0
-1.0024023056030273
22.45737648010254
11.096528053283691
17.213064193725586
9.935803413391113
0.0
0.9392473101615906
-0.36436548829078674
3.4034409523010254
0.35682523250579834
0.0
0.061151470988988876
0.0
0.0
0.0
0.0013771767262369394
-0.017828568816184998
13.23090934753418
-1.021188735961914
8.966972351074219
2.3760015964508057
0.0
0.0
-0.015078166499733925
0.0
-0.006935548037290573
0.25860559940338135
21.10003089904785
27.1021785736084
8.343344688415527
2.083242177963257
3.5384113788604736
0.9719196557998657
2.8339409828186035
0.2875012457370758
0.0
0.0
-0.34600624442100525
21.40291976928711
0.0
0.024243831634521484
12.759397506713867
1.9578649997711182
4.948875866830349E-4
1.281198263168335
1.4271588325500488
1.3566569089889526
0.0
-6.68136402964592E-4
0.0
-0.06609787046909332
-0.004543330520391464
14.489375114440918
0.0
0.0
-0.15460877120494843
1.2283555269241333
0.4316266179084778
0.0
-0.03785449266433716
-0.010609854012727737
0.04004543647170067
14.225730895996094
-0.6039746999740601
0.0
0.0
0.0
-1.2676745653152466
10.677800178527832
0.0
0.0
0.0
-0.003726277267560363
0.0
0.0
0.0
0.6422774791717529
9.86819076538086
0.6644741892814636
0.0
0.0
0.268719345331192
0.6518569588661194
-0.006414109840989113
-1.2164928913116455
3.7170639038085938
1.806014060974121
1.0581153631210327
0.0
0.31240004301071167
7.3794169425964355
8.263061172328889E-4
0.00961296446621418
-0.1599433571100235
4.897374153137207
5.280168533325195
1.3636631965637207
3.8436245918273926
3.548638343811035
0.0034247112926095724
0.0
7.4956817626953125
0.4232695996761322
5.083815097808838
0.0
-1.336273126071319E-4
-0.025336386635899544
0.0
16.687625885009766
14.249838829040527
7.800665378570557
4.653058052062988
5.9766106605529785
0.08214321732521057
-0.009161754511296749
0.0
0.0
0.0
0.0
0.0
0.0690474882721901
0.0753694549202919
0.15620002150535583
0.0030297888442873955
16.988435745239258
77.22978973388672
0.212440624833107
0.727357804775238
0.8068758845329285
-1.336273126071319E-4
14.039458274841309
0.0
-0.01456537377089262
10.295843124389648
17.607295989990234
22.110912322998047
0.12588508427143097
0.0
0.0
-0.01860790140926838
0.00585876265540719
2.6857664585113525
8.516979217529297
29.497953414916992
24.256441116333008
1.8198933601379395
0.5366218686103821
0.07341344654560089
3.863595724105835
4.095830917358398
7.127692699432373
3.73126482963562
-0.4814859926700592
-1.3957946300506592
1.1767077445983887
5.176732540130615
21.01410675048828
18.06873321533203
3.0288453102111816
-0.005954150576144457
0.037648700177669525
0.527242124080658
3.488715171813965
0.26253652572631836
-0.0025236320216208696
-0.007038502488285303
0.0
15.29658317565918
3.721064805984497
1.5708234310150146
13.288476943969727
0.03778818994760513
4.434850692749023
-0.004050591494888067
-0.0015269591240212321
-0.0025236320216208696
0.0
0.018495073541998863
-0.3714619576931
2.7812447547912598
4.183459758758545
8.174338340759277
11.19351863861084
-0.9321060180664062
22.016677856445312
-1.2584595680236816
-0.06532936543226242
-1.15446138381958
-0.4048616886138916
0.8578574657440186
36.55131912231445
36.25758743286133
4.0390777587890625
10.499451637268066
-0.0011079804971814156
-0.0025236320216208696
4.048659801483154
2.027837038040161
-0.0037854493129998446
-0.004050591494888067
0.0
-0.0025236320216208696
-0.1870557963848114
0.9038858413696289
0.07643203437328339
-0.05474124848842621
-1.336273126071319E-4
0.03959057107567787
-0.05992419645190239
0.0018491181544959545
0.07908507436513901
-0.0012618160108104348
-0.061505068093538284
-0.03532785177230835
1.636562705039978
26.833879470825195
-0.5864144563674927
36.73881530761719
3.6472690105438232
-0.9711416959762573
3.150928497314453
8.53580379486084
1.3456721305847168
2.001636266708374
0.07810001075267792
0.0
-0.0030539182480424643
-0.0027887749020010233
-0.010092419572174549
-0.49249982833862305
1.947707176208496
2.7817258834838867
1.2304428815841675
0.074031300842762
0.038547977805137634
-0.12146716564893723
-0.0012618160108104348
-0.583819568157196
16.4177303314209
0.20162859559059143
0.8619092106819153
0.03905000537633896
-0.0015290711307898164
0.0
-0.0037854493129998446
-0.0027887749020010233
0.08214321732521057
0.0
0.0016526122344657779
6.383892059326172
37.266414642333984
2.0220019817352295
-0.0037854493129998446
-0.0012618160108104348
-0.8091925978660583
23.246192932128906
11.512701034545898
1.9243059158325195
-0.004651975352317095
0.2556297183036804
-0.005577549804002047
-0.0027887749020010233
-0.004050591494888067
0.0
0.0
-0.0012618160108104348
0.0
0.0
0.0
0.0
0.0
1.0046353340148926
27.658754348754883
18.468151092529297
11.121170043945312
5.593136310577393
0.5771185755729675
0.003843628102913499
0.005635733250528574
-0.0012618160108104348
0.08214321732521057
0.004156071227043867
11.155324935913086
0.007462700828909874
-0.005255619063973427
8.74429988861084
4.228821277618408
-0.07030247151851654
16.132877349853516
0.613423764705658
0.0
-0.0030539182480424643
1.4002315998077393
0.727794885635376
46.60552978515625
39.17478942871094
44.09476852416992
2.9276390075683594
-0.11586663126945496
17.743385314941406
9.98205852508545
-0.0025236320216208696
0.0
0.0
-0.3370620906352997
-0.5489214658737183
27.0174617767334
2.558903694152832
0.0
0.4551863372325897
25.51774024963379
0.7887141108512878
0.12871472537517548
12.485206604003906
30.750951766967773
2.948704242706299
1.4509376287460327
-0.0251496359705925
-6.282569374889135E-4
-2.3217008113861084
9.16682243347168
0.0603325255215168
0.0
0.0
0.12321482598781586
1.555847406387329
1.1091760396957397
0.0
-0.0010617151856422424
13.812052726745605
28.811859130859375
1.05078125
11.596193313598633
21.12064552307129
7.331223964691162
0.5295894145965576
-0.0037854493129998446
-0.0024941819719970226
0.0
25.330291748046875
10.593615531921387
35.70378494262695
49.2667236328125
4.718419551849365
0.13146468997001648
0.0
-0.054533109068870544
8.773724555969238
10.263885498046875
0.0
2.1656713485717773
0.0
-0.2688344419002533
42.84062194824219
1.934591293334961
0.03905000537633896
0.5190286636352539
0.18842360377311707
0.0
0.0
-0.007464713882654905
12.932229042053223
2.262700080871582
31.985145568847656
1.5997710227966309
0.0
0.6900500059127808
1.1688302755355835
0.0
0.0
0.0
0.4339336156845093
2.780001640319824
3.597862482070923
5.8802266120910645
25.414852142333984
3.6644864082336426
0.0
0.0
-0.4967816174030304
1.005825400352478
3.6587157249450684
0.0
0.0
0.0
0.0
-0.08984382450580597
2.377095937728882
2.163865566253662
0.0
-0.027044719085097313
-2.430813789367676
9.458106994628906
0.3945211172103882
-0.0012026457116007805
-0.0021380370017141104
3.113490343093872
0.42955005168914795
0.0
0.0
0.0
-0.027485260739922523
4.515451431274414
6.991687774658203
1.8751510381698608
-0.3610965609550476
0.8697975873947144
0.4895758628845215
0.7029000520706177
0.751255989074707
8.701739311218262
2.806535243988037
0.0
0.0
0.08214321732521057
-0.39975395798683167
9.632943153381348
0.9485334157943726
10.350494384765625
6.927557945251465
13.290088653564453
-0.0024941819719970226
0.0
0.0
0.0
0.0
-0.7092913389205933
-0.13776074349880219
2.718834400177002
-0.32784751057624817
-1.667482852935791
2.096522092819214
1.8620109558105469
2.845999240875244
16.390644073486328
7.816951274871826
14.412384986877441
5.374246597290039
-0.43119582533836365
10.563961029052734
8.103882789611816
34.72213363647461
15.150609016418457
4.815927028656006
0.0
-0.025130268186330795
-0.1412055641412735
0.0
0.5040420889854431
2.0535802841186523
0.0
0.0
-0.024314099922776222
-0.29395195841789246
16.512256622314453
7.461560249328613
0.1952500194311142
0.0
11.902548789978027
0.47063004970550537
14.842576026916504
3.0972049236297607
0.03768472746014595
-0.2889980971813202
15.506993293762207
3.6998343467712402
1.4704914093017578
0.9446468949317932
39.252140045166016
14.120960235595703
3.970372200012207
0.43879151344299316
2.4037997722625732
-0.44751328229904175
7.7949910163879395
0.2083572894334793
0.0
-0.3535885512828827
7.665016174316406
0.8582623600959778
3.6962101459503174
0.9186072945594788
0.0
0.0
0.0
-0.44172748923301697
12.200675010681152
0.0
0.0
-5.345092504285276E-4
0.011235416866838932
0.0
0.0
0.0
-0.2729572653770447
5.699955940246582
16.81195640563965
8.190598487854004
-0.27105334401130676
-0.5029240250587463
3.868445634841919
-0.052653003484010696
13.855558395385742
-0.0021380370017141104
7.478731155395508
17.690601348876953
0.4816097319126129
0.0
0.0
0.0
1.191076636314392
0.07810001075267792
0.0
-1.1358585357666016
0.43107470870018005
4.5080695152282715
-0.9573813080787659
11.990373611450195
-0.09972425550222397
-0.0061315689235925674
-1.336273126071319E-4
0.044895946979522705
-1.417202353477478
4.991806507110596
0.3896970748901367
0.0
0.0
0.0
1.0009886026382446
15.453513145446777
0.0
0.009421181865036488
0.07058418542146683
4.102994441986084
0.005105446558445692
-0.0022642086260020733
-0.0027887749020010233
-0.0012618160108104348
0.0
-0.08293471485376358
1.1324361562728882
2.6012909412384033
-0.0012618160108104348
-0.0012618160108104348
-0.03790883347392082
11.259251594543457
9.938496589660645
9.036778450012207
12.74032974243164
0.24092808365821838
0.025769364088773727
0.0
-0.0012618160108104348
0.0
-0.0012618160108104348
-0.005577549804002047
-0.8661079406738281
26.780672073364258
5.749637603759766
0.043821562081575394
0.0
0.01844147965312004
1.2813791036605835
0.04547496885061264
-0.0025236320216208696
1.7725927829742432
0.009380778297781944
11.491887092590332
3.893913984298706
0.613570511341095
-0.041632842272520065
-0.08620832860469818
2.4695656299591064
2.0073819160461426
0.008159364573657513
-0.018338775262236595
0.0
0.0
2.0580079555511475
23.62613868713379
0.080347940325737
-0.0025236320216208696
-0.0403844453394413
0.11912556737661362
12.585448265075684
0.15970975160598755
-0.1509656012058258
-0.01633051037788391
0.0
20.162553787231445
23.08942413330078
3.3191096782684326
0.4542836546897888
-0.11987528204917908
18.590700149536133
1.4232829809188843
0.12957462668418884
0.041071608662605286
-0.012917754240334034
0.034816764295101166
-0.21152153611183167
-0.008761925622820854
0.09098534286022186
0.007716709282249212
0.008572475984692574
0.08780840039253235
0.0
9.624397277832031
1.0852007865905762
-0.0012618160108104348
-0.5423265099525452
-4.0088186506181955E-4
-0.9992119073867798
9.139760971069336
14.96009635925293
2.9581375122070312
0.04547496885061264
0.04796915501356125
0.0
0.046736788004636765
0.0
0.0
1.3028022050857544
13.304213523864746
69.62433624267578
12.87282657623291
19.715496063232422
6.455313682556152
-0.030142508447170258
0.0
0.0
-0.0025236320216208696
0.0
-0.003755999030545354
-0.0012618160108104348
3.7241995334625244
6.009881973266602
-0.013897229917347431
-0.08366744220256805
10.123029708862305
4.549739837646484
1.7405222654342651
-0.5130701065063477
0.07468955963850021
15.943970680236816
16.637001037597656
18.105499267578125
4.710247039794922
0.7100387215614319
-0.022049784660339355
-0.009161754511296749
0.0
0.0
0.0
0.0
-0.13532930612564087
3.682635545730591
-0.016300339251756668
0.0
0.0
5.493130683898926
0.7957906723022461
11.659393310546875
0.13350936770439148
-0.006854653358459473
0.29665470123291016
0.1952500194311142
0.0
0.0
19.971961975097656
1.3790152072906494
0.0
-1.336273126071319E-4
0.5963878631591797
0.7569058537483215
0.758399248123169
19.323211669921875
0.0
0.0
0.0
-0.048808373510837555
5.4805378913879395
-0.005845258012413979
0.3060421943664551
-0.02483382821083069
0.0
0.0
0.0
-0.5506436824798584
1.790281057357788
0.03905000537633896
-0.1589888334274292
7.012184143066406
0.041071608662605286
-0.029039980843663216
-1.7304071187973022
8.621278762817383
0.0
0.13146468997001648
0.0
0.0
7.288455963134766
4.0445404052734375
2.7517974376678467
-0.009161754511296749
-5.165246963500977
13.841224670410156
0.15620002150535583
-0.13884830474853516
-0.8188586235046387
1.3237125873565674
0.0
-0.001336272805929184
0.0
0.0
0.0
0.29472988843917847
0.7287048697471619
0.0
-5.345092504285276E-4
-0.11302585154771805
-0.011992063373327255
2.7488272190093994
17.515268325805664
0.12321482598781586
0.08214321732521057
0.3285728693008423
10.706778526306152
2.7234697341918945
0.0
0.0
0.0
0.08214321732521057
2.072422742843628
0.0
0.0
0.0
-0.01456537377089262
-1.4111099243164062
21.685382843017578
15.964815139770508
32.17896270751953
0.08012161403894424
0.0
0.0
0.0
23.801095962524414
9.137592315673828
8.37118911743164
4.223928451538086
16.863117218017578
8.773930549621582
0.0
0.0
0.006059577688574791
0.0
17.1820011138916
11.139636993408203
10.86351490020752
0.0
0.0
3.9648382663726807
3.737516403198242
0.07810001075267792
0.0
-0.15306738018989563
2.118983268737793
0.3799034655094147
0.0
2.9597854614257812
22.752126693725586
15.100899696350098
11.54210376739502
0.0
-0.03892713040113449
2.105433702468872
-0.20060865581035614
7.601544380187988
0.0
0.0
0.0
0.0
-0.40823307633399963
0.0
0.11715000867843628
-1.7602267265319824
23.124555587768555
6.345823764801025
7.088593006134033
0.07208510488271713
0.0
0.0
0.0
-1.2705609798431396
18.661863327026367
5.924406051635742
0.1408858746290207
0.021910781040787697
0.0
0.0
2.9659433364868164
19.713762283325195
0.5484005212783813
22.974163055419922
0.0
0.0
8.263061172328889E-4
3.890798568725586
-1.028906226158142
6.221029758453369
0.9140209555625916
40.2537841796875
8.757946968078613
-0.0030539182480424643
0.9778921008110046
0.0
0.0
0.0
-0.34893473982810974
21.316450119018555
5.096288204193115
5.092878818511963
0.0
0.20535802841186523
10.763557434082031
3.4832985401153564
0.0
-9.986046934500337E-4
1.8469195365905762
0.0031088695395737886
-0.6037459969520569
13.122228622436523
2.5589816570281982
43.5280647277832
12.491947174072266
3.044227361679077
59.13433074951172
31.051313400268555
15.209978103637695
0.03442941978573799
0.16030338406562805
-0.08453772217035294
4.246138572692871
0.08205234259366989
19.408597946166992
24.046998977661133
-0.5412729978561401
0.8729031085968018
-0.4163384437561035
10.727142333984375
-0.17977607250213623
0.19755198061466217
1.3614755868911743
-0.004692335147410631
3.2348427772521973
3.603254556655884
-0.29487600922584534
4.082831859588623
1.3466570377349854
40.651371002197266
6.969664096832275
17.402423858642578
13.359228134155273
1.7720640897750854
0.0
-0.01035383716225624
8.083303451538086
2.2892136573791504
4.924684047698975
-0.06664612889289856
3.3295977115631104
-0.02886350452899933
0.09681127220392227
8.288130760192871
16.73823356628418
13.216540336608887
32.00370788574219
0.05092725157737732
-0.06282565742731094
-0.01129886880517006
15.804107666015625
4.356339454650879
1.40889573097229
0.0
1.623125672340393
0.494961142539978
-0.007919502444565296
-0.8244253396987915
0.14723363518714905
0.006927000358700752
-0.0012618160108104348
0.0
0.009421181865036488
-0.004067989997565746
-0.041405610740184784
-1.336273126071319E-4
-0.46562498807907104
7.521711826324463
5.429582118988037
2.462545394897461
-0.0012618160108104348
-0.0012618160108104348
-0.010092419572174549
0.006367262918502092
12.1184720993042
12.076985359191895
-0.010199179872870445
-1.2044233083724976
-0.35966986417770386
28.078319549560547
16.24003791809082
-0.0023308340460062027
0.46747177839279175
0.021904589608311653
1.287508487701416
-0.0792715847492218
49.31427764892578
4.20188045501709
2.9772701263427734
28.569042205810547
8.973104476928711
0.9020441174507141
0.037523042410612106
2.2039051055908203
3.2148003578186035
8.543695449829102
2.0388035774230957
0.0
0.008159364573657513
0.0
-0.0012618160108104348
-0.002806173637509346
0.30792340636253357
-0.012092872522771358
0.48314031958580017
9.395580291748047
-0.0025236320216208696
-0.0025236320216208696
-0.0012618160108104348
-0.0012618160108104348
0.0
-0.1217799186706543
-0.5089015960693359
5.420042037963867
14.979723930358887
-0.26035889983177185
-1.8213021755218506
2.966874122619629
0.35472214221954346
6.803987503051758
0.0
1.0239899158477783
1.2829970121383667
-0.3307254910469055
-0.0021380370017141104
-0.07670211046934128
-0.1072029322385788
4.217639923095703
0.059806324541568756
6.527280330657959
15.815529823303223
3.040584087371826
0.1369539052248001
-0.00877381395548582
-0.01122104562819004
-0.017434552311897278
-0.01373128779232502
0.0
0.0
0.0
1.1219395399093628
18.444059371948242
23.7886962890625
100.6333999633789
6.266781330108643
0.021910781040787697
6.553910255432129
11.697820663452148
-0.0012618160108104348
0.006897549144923687
0.006298739928752184
11.341578483581543
0.4746611714363098
-0.0025236320216208696
0.005370588973164558
28.394973754882812
32.19991683959961
0.0
1.9604300260543823
0.030114181339740753
-0.0025236320216208696
-0.0012618160108104348
0.0
0.0
0.15695980191230774
0.033967096358537674
1.8173251152038574
50.12596130371094
0.43942779302597046
3.1254215240478516
-0.014318265952169895
9.616837501525879
0.153676375746727
-0.08495718240737915
-0.1260775625705719
-0.3734520673751831
0.0
0.0
0.0
0.0
-0.16294507682323456
1.55003821849823
4.1269659996032715
3.91255521774292
6.9035325050354
0.3474576473236084
0.0
0.0
-0.06556712836027145
-1.7274128198623657
36.14992141723633
7.099874019622803
-0.03008333407342434
-0.0012618160108104348
0.2464296519756317
10.294569969177246
2.4560041427612305
10.072308540344238
6.582672595977783
-0.06646706908941269
-6.68136402964592E-4
-0.013127203099429607
-0.0758829265832901
0.04382595792412758
0.041071608662605286
0.0
0.0
-0.0024882382713258266
-5.345092504285276E-4
0.021043218672275543
-0.18248394131660461
-0.10773656517267227
0.10927722603082657
-0.03184787184000015
19.92005157470703
-0.052155449986457825
39.968605041503906
23.16778564453125
51.98651123046875
44.68935775756836
-2.672546252142638E-4
0.0
21.70159339904785
3.6983137130737305
0.009421181865036488
0.0
0.0
0.0
0.0034234500490128994
0.41648364067077637
2.9847166538238525
-0.4130729138851166
0.21258701384067535
12.273919105529785
1.2792540788650513
-1.031029224395752
0.421395480632782
5.13838005065918
12.888458251953125
0.040767643600702286
8.47709846496582
8.535707473754883
4.022212028503418
0.0
-0.0025236320216208696
0.0
4.9055938720703125
-0.17160706222057343
-0.010583826340734959
0.0
0.12321482598781586
-0.03849492222070694
-0.06926849484443665
0.17354483902454376
25.572927474975586
6.579026699066162
5.429971218109131
54.331668853759766
9.073176383972168
5.329285144805908
-0.16680088639259338
0.3724832832813263
0.5339308977127075
0.0
0.0
-0.7440983057022095
6.853966236114502
7.5919036865234375
-0.00996351521462202
0.0
36.68544387817383
1.0940877199172974
0.0
0.0
0.6363850831985474
27.105079650878906
-0.10601741075515747
0.0
0.0
0.0
-0.5600990653038025
32.372779846191406
13.263277053833008
0.8214321136474609
0.0
0.0
0.0
0.0
0.0
0.0
0.0
13.865300178527832
7.833394527435303
0.12596477568149567
-2.672546252142638E-4
0.0
0.0
43.294185638427734
3.3324389457702637
0.0
0.0
-0.009621165692806244
-0.00997672788798809
4.62495756149292
0.0
7.1460981369018555
2.772549867630005
0.0
0.0
-0.3770531117916107
0.0029207835905253887
13.01010513305664
9.468804359436035
0.5555264353752136
6.182889461517334
27.4639949798584
22.056509017944336
0.7332757711410522
0.6568784713745117
15.961223602294922
0.053480226546525955
3.6151247024536133
5.100619316101074
2.007537364959717
0.0
-0.001336272805929184
-0.25440654158592224
-0.002939800266176462
-0.4256261885166168
12.19784164428711
0.2875012457370758
0.0
0.0
-0.014164499007165432
6.894906044006348
0.37036845088005066
1.8240981101989746
8.014098167419434
0.0
0.0
0.2403218150138855
0.0
-0.02813616767525673
0.32372790575027466
1.1445262432098389
0.2875012457370758
0.3915262520313263
8.017650604248047
21.874258041381836
31.671483993530273
11.248051643371582
11.528608322143555
1.048641324043274
0.0
0.0
0.0
0.0
13.40882396697998
13.320280075073242
36.81482696533203
16.604053497314453
-1.9413007497787476
0.0
0.0
-0.4918433129787445
10.863670349121094
1.2027803659439087
0.12016090750694275
-0.009952953085303307
19.43440055847168
0.0
-0.002513027749955654
0.8189316987991333
11.868525505065918
2.2287979125976562
3.558513641357422
0.45193079113960266
-1.9845824241638184
25.813594818115234
15.149470329284668
3.258880615234375
2.6614253520965576
2.9189882278442383
-0.0928201749920845
0.0
0.0
0.7029000520706177
-0.3655911982059479
8.149468421936035
1.4715070724487305
1.99861478805542
0.4447866678237915
-6.68136402964592E-4
0.0
0.0
0.0
1.7328873872756958
0.7041346430778503
0.6559056639671326
-0.01876530610024929
22.31986427307129
0.20286384224891663
0.16428643465042114
0.0
-0.11016394197940826
24.4686336517334
0.8317857384681702
0.7392889261245728
-0.09962864965200424
-0.8820740580558777
6.633600234985352
0.7679946422576904
0.018842363730072975
0.07810001075267792
0.0
0.0
0.0
0.08214321732521057
-0.32721570134162903
7.168941974639893
8.2061128616333
0.28870850801467896
17.315288543701172
0.0
0.8885022401809692
1.2305821180343628
-0.1449175924062729
-0.01567208394408226
0.06141391023993492
8.805227279663086
22.641019821166992
0.08834242820739746
0.015086358413100243
-0.08856360614299774
-0.12436529994010925
1.7863972187042236
-0.7744866609573364
35.066585540771484
0.5265692472457886
0.0
9.147605895996094
78.65111541748047
30.529321670532227
2.4724550247192383
0.3834092617034912
0.008159364573657513
0.006897549144923687
-0.0025236320216208696
0.008159364573657513
0.0
-0.031800996512174606
-0.006915915757417679
-0.006843409966677427
-0.0058448039926588535
0.07961957901716232
-0.0012618160108104348
0.0
0.10157415270805359
0.0
0.0
-0.3739171028137207
0.0
-0.7568521499633789
-0.041591204702854156
-0.0027887749020010233
-0.02842111326754093
-1.986618161201477
32.85090637207031
3.7366931438446045
0.0
-0.03154540807008743
-0.0062501803040504456
10.018497467041016
16.486297607421875
0.7945610880851746
8.405564308166504
7.016109466552734
2.7002341747283936
-0.9744190573692322
11.107210159301758
0.0
-0.01581514999270439
0.0
4.262607574462891
0.2807043194770813
-0.0027908869087696075
0.0
0.0
0.053353842347860336
0.4001762866973877
7.3811211585998535
0.6371762156486511
0.08030197024345398
1.0456520318984985
0.2956606149673462
-0.17896124720573425
13.715520858764648
23.528764724731445
7.611991882324219
0.11637629568576813
-0.008214570581912994
-0.04069216176867485
7.068115234375
2.659651756286621
0.015056909993290901
0.008159364573657513
0.018235111609101295
-0.5432025790214539
0.936417281627655
0.0
0.07964903116226196
0.0
0.0
0.0
-0.0012618160108104348
-0.0012618160108104348
-0.0012618160108104348
0.0
-0.001033772248774767
0.16287538409233093
0.7731471061706543
4.256606578826904
1.5918904542922974
-0.017541246488690376
-0.002924514003098011
-0.006219294387847185
-0.33024537563323975
6.239840984344482
3.4099161624908447
22.55223846435547
3.966423511505127
2.3871254920959473
16.31523323059082
-0.03739473223686218
-0.0018900741124525666
0.0031120984349399805
0.0
3.7691659927368164
0.35145002603530884
0.0
0.23430001735687256
0.0
-2.675382137298584
10.216737747192383
0.9857186079025269
1.0717304944992065
-4.0088186506181955E-4
1.472345232963562
51.33637619018555
20.98882293701172
0.26528146862983704
2.592388868331909
6.240365028381348
0.0
3.0466277599334717
-0.08094565570354462
-0.012061983346939087
0.0
-8.85601679328829E-4
1.7487356662750244
0.0
0.0
0.0
0.0
0.0
-0.1860807090997696
11.756231307983398
73.19454193115234
2.3647923469543457
-0.006896526087075472
3.7478466033935547
-0.010094528086483479
15.36401653289795
14.828614234924316
7.626889705657959
0.06573234498500824
0.0
-0.0061078364960849285
0.0
0.0
0.0
-6.657367921434343E-4
11.393659591674805
5.061049461364746
9.25
0.33625778555870056
0.0
0.0
3.041951894760132
3.6155803203582764
0.4026966989040375
16.342077255249023
0.13562846183776855
16.889144897460938
0.0
1.6793326139450073
5.248470306396484
0.5081658959388733
0.0
0.0
0.0
0.0
1.671177625656128
10.296649932861328
-0.5675668120384216
6.048778057098389
12.965235710144043
15.994935035705566
1.59844172000885
12.87984561920166
3.20385479927063
0.0
0.0
-0.2697131335735321
4.3853678703308105
15.035100936889648
17.22181510925293
90.8099136352539
19.48611068725586
0.8439582586288452
8.003767013549805
0.6431440114974976
0.0
0.0
16.98604393005371
9.463469505310059
0.7991504073143005
0.008753044530749321
14.53450870513916
6.9588775634765625
0.0
2.2034456729888916
3.175912380218506
0.08214321732521057
10.098386764526367
0.6072850823402405
2.5091171264648438
1.196875810623169
1.8739707469940186
0.040753141045570374
0.0
0.00886563491076231
7.502060413360596
26.27834701538086
9.292847633361816
9.608647346496582
2.4090733528137207
0.07810001075267792
0.0
-0.5394082069396973
-0.00798883754760027
0.0
-0.20535922050476074
2.386198043823242
2.6074390411376953
17.10712242126465
2.2879347801208496
0.07810001075267792
0.0
0.0
0.0
0.40790989995002747
2.25052547454834
0.27494892477989197
2.0924251079559326
0.0
-0.7051482200622559
14.674927711486816
3.8370187282562256
1.06155264377594
0.0
0.0
0.0
0.0
0.2748500108718872
-0.036926571279764175
17.130090713500977
11.667499542236328
-0.03452135995030403
0.0
0.0
-0.21690736711025238
2.732412815093994
0.3696444630622864
0.5076500177383423
3.6500985622406006
45.30750274658203
36.165443420410156
4.319611549377441
0.0
0.0
-0.22792808711528778
14.817659378051758
11.631355285644531
7.744563102722168
17.605390548706055
-0.9955554604530334
-1.3650590181350708
1.6826653480529785
0.4461227357387543
12.92903995513916
2.515597105026245
7.875670909881592
16.23597526550293
0.15337544679641724
0.0
0.12321482598781586
0.08214321732521057
0.0
-0.12851224839687347
0.21796062588691711
-0.14916090667247772
26.395429611206055
2.7990989685058594
-0.12129921466112137
5.667059898376465
1.3661502599716187
0.3591356575489044
-1.0558925867080688
1.322430968284607
-0.024537555873394012
-0.021187666803598404
0.0
-0.056419193744659424
0.0
-1.821108102798462
9.11386775970459
0.0
0.0
0.0
0.012151877395808697
18.85523796081543
1.5765293836593628
12.340311050415039
29.846895217895508
6.692533493041992
1.0459157228469849
1.7297495603561401
11.39371395111084
1.320059061050415
1.5597517490386963
14.073522567749023
7.908016204833984
-0.0044084032997488976
4.807477951049805
11.682561874389648
0.0
-0.732769250869751
0.7524375915527344
0.24436210095882416
2.462311029434204
6.526961326599121
5.6793012619018555
5.630917072296143
7.857144355773926
24.11931037902832
0.03824823722243309
-0.019228365272283554
1.0931552648544312
-0.6621482968330383
1.4700180292129517
0.0
-0.11936886608600616
4.619393348693848
0.0
0.6745613217353821
4.501211166381836
0.6982173323631287
-0.0441913940012455
-0.4478570818901062
5.008831024169922
0.0
0.0
0.041071608662605286
1.7601367235183716
2.810662269592285
0.0
-0.1290610134601593
5.258340835571289
0.9879301190376282
-0.008042282424867153
-0.22366757690906525
0.0
0.0
0.0
0.0
0.0
0.0
0.9857186079025269
0.0
0.0
0.0
-0.02912299707531929
10.938403129577637
-0.0642658919095993
-0.02398798242211342
22.224225997924805
0.89764803647995
2.8737504482269287
9.51751708984375
0.07810001075267792
0.0
0.0
0.0
1.3553630113601685
0.0
-0.03474240005016327
0.0
0.021199028939008713
2.371284246444702
0.0
0.0
3.399503231048584
0.0
0.009287552908062935
-2.092010736465454
15.088400840759277
20.84894561767578
13.233606338500977
0.5259062647819519
-0.0012618160108104348
0.0
2.3634157180786133
0.006367262918502092
0.009421181865036488
0.0
0.0
0.0
0.21422161161899567
-0.08915844559669495
1.4438673257827759
9.779019355773926
-0.036592673510313034
0.2640168368816376
25.156862258911133
0.6134752631187439
0.13610699772834778
-0.003459022846072912
0.0
0.0
-0.0012618160108104348
-0.0012618160108104348
-0.0031875453423708677
12.840832710266113
0.37133878469467163
0.010121127590537071
-0.006809917278587818
0.19615113735198975
0.00459522008895874
0.041071608662605286
8.647311210632324
14.971080780029297
0.5861990451812744
0.16235245764255524
0.09846194088459015
-0.0010690185008570552
-0.34262821078300476
4.779716491699219
10.114147186279297
0.08764312416315079
0.006897549144923687
0.11589349061250687
0.07810001075267792
-0.8035693764686584
13.038721084594727
-0.0012618160108104348
0.008159364573657513
-0.0012618160108104348
-0.0012618160108104348
5.508706672117114E-4
-0.01322910189628601
1.6138229370117188
13.100750923156738
10.195855140686035
2.321622133255005
5.0851359367370605
1.1999813318252563
0.0
0.14610548317432404
-0.0012618160108104348
24.660823822021484
23.87982940673828
0.06575419008731842
0.2551833689212799
0.006897549144923687
0.0
7.237020492553711
1.1511090993881226
0.0
0.0
0.0
0.0
1.3163914680480957
1.8028796911239624
0.0
0.0
3.58579421043396
26.071063995361328
-0.32097065448760986
0.12099894136190414
-0.010022043250501156
5.283288478851318
8.569759368896484
29.740812301635742
34.61992645263672
42.45794677734375
2.120666980743408
-0.0012618160108104348
0.0
-0.0012618160108104348
0.0
0.0
2.452955961227417
19.97858238220215
30.043682098388672
1.2325644493103027
4.766328811645508
0.3160646855831146
0.0
-0.0030539182480424643
0.0
0.0
0.0
0.0
0.0
0.0
0.0
-0.4792177081108093
25.824077606201172
32.83913040161133
9.453722953796387
-0.5533032417297363
-0.0061078364960849285
-0.2911800742149353
41.473480224609375
11.627296447753906
48.385215759277344
34.960018157958984
81.99300384521484
18.47051429748535
1.9487464427947998
0.041071608662605286
-0.05213181674480438
-0.3257743716239929
26.26764488220215
2.184652328491211
-0.019585320726037025
-0.0030539182480424643
0.0
16.045438766479492
10.004255294799805
0.7803605198860168
-1.336273126071319E-4
28.64466667175293
75.32621765136719
7.62903356552124
0.1255975067615509
6.394336700439453
13.140146255493164
0.0
0.0
-0.006681366357952356
13.777966499328613
-0.20924416184425354
0.7393777370452881
-0.0012618160108104348
0.0
0.07767275720834732
20.528833389282227
2.6238226890563965
0.0
12.490362167358398
1.9429938793182373
0.4578554630279541
-0.0783122181892395
0.5339308977127075
-0.0859358087182045
0.0
15.654329299926758
0.018842363730072975
-0.775840699672699
21.141000747680664
1.104523777961731
3.3311240673065186
0.0
0.0
0.0
-0.05932462587952614
-0.006681366357952356
0.0
-1.466152310371399
3.732450008392334
4.8902363777160645
1.960100531578064
4.564362525939941
37.79061508178711
0.11752907931804657
1.163094162940979
14.935412406921387
0.0
-0.17179103195667267
73.39244842529297
0.40989169478416443
10.03210163116455
0.0
3.17771315574646
1.0210753679275513
17.003572463989258
10.754520416259766
12.760905265808105
-0.6181011199951172
0.7385035753250122
2.4410691261291504
2.3594508171081543
1.1531670093536377
3.9329447746276855
2.820939540863037
-2.6436374187469482
3.809875011444092
-0.07029564678668976
19.056365966796875
0.06400497257709503
0.0
-1.1172289848327637
-0.1425771266222
8.268105506896973
1.092841625213623
6.6065850257873535
-0.5111989378929138
41.346038818359375
7.137845516204834
0.0
0.0
0.0
13.00651741027832
0.509671688079834
-0.4925156533718109
-0.03109212964773178
-0.804741621017456
8.908021926879883
-0.025305984541773796
4.774712085723877
5.689831256866455
2.6750528812408447
0.34992772340774536
-0.09403830766677856
0.0
3.7414755821228027
10.597723007202148
1.147983431816101
0.0
0.0
11.135756492614746
36.62800598144531
25.117164611816406
24.57392692565918
0.3758727014064789
-1.5482844114303589
-0.1583109200000763
47.58780288696289
0.35499119758605957
6.063277244567871
6.753008842468262
0.0
-1.5161257982254028
13.641767501831055
1.9528743028640747
-3.2537803649902344
8.728597640991211
4.609251022338867
1.3325271606445312
0.9545915722846985
16.88587188720703
4.787759780883789
0.9896386861801147
1.7650128602981567
6.346699237823486
5.578960418701172
31.521488189697266
1.1206912994384766
2.2460126876831055
10.030345916748047
-0.09975404292345047
-0.07285471260547638
3.536485433578491
11.120101928710938
0.029437297955155373
36.25627136230469
8.225366592407227
0.03905000537633896
4.184767246246338
0.9311135411262512
-0.08750569075345993
0.15864096581935883
24.236343383789062
54.46479797363281
18.18512725830078
0.6248000860214233
0.0
0.0
-0.01615256443619728
5.832945346832275
9.067633628845215
9.645673751831055
3.1075828075408936
0.0
0.0
-0.012316128239035606
0.0
0.0
0.0
10.71968936920166
3.1172778606414795
6.994497299194336
0.9282659292221069
7.073146820068359
1.4935623407363892
6.974897384643555
2.1685140132904053
0.30898937582969666
0.027818970382213593
0.2204952836036682
-0.25018227100372314
-0.0012618160108104348
0.0
-0.022449389100074768
0.24027283489704132
12.842487335205078
10.784708976745605
7.754460334777832
-0.39325883984565735
1.6235822439193726
18.30185890197754
12.352922439575195
9.3349609375
2.641727924346924
4.525190830230713
5.046482086181641
0.021910781040787697
0.0
-0.24262093007564545
-0.6075704097747803
14.739296913146973
4.387258052825928
2.615077257156372
3.4296255111694336
0.6559617519378662
2.067899703979492
0.11715000867843628
-0.027485260739922523
0.0
0.0
0.0
-0.11771417409181595
0.3928462564945221
0.0
-0.0013954434543848038
-0.2630201280117035
-2.9480903148651123
21.3321475982666
0.8582859635353088
15.913901329040527
6.10010290145874
2.295663595199585
52.24966049194336
24.731508255004883
-0.0025236320216208696
-0.0025236320216208696
0.019387146458029747
0.016318729147315025
-0.0025236320216208696
0.008263061754405499
3.5721497535705566
4.305008411407471
0.12530937790870667
-0.07986512780189514
25.845258712768555
10.12190055847168
3.1665031909942627
12.528386116027832
51.148040771484375
15.56573486328125
2.1395723819732666
0.0
-0.03877225145697594
0.060332804918289185
12.280986785888672
45.49174880981445
0.5750451683998108
1.1571401357650757
1.2471493482589722
0.6353263258934021
0.7055715322494507
2.192983627319336
-0.010309726931154728
-0.007593763526529074
4.710233688354492
1.0744144916534424
1.2078975439071655
7.8896002769470215
0.6274085640907288
0.038547977805137634
-0.0012618160108104348
0.21957451105117798
6.792758464813232
0.25368717312812805
-0.0037854493129998446
-0.0037854493129998446
-0.0012618160108104348
-0.0895184874534607
3.8928756713867188
0.2854796350002289
0.05205307900905609
-0.016090471297502518
0.0
-0.7698246240615845
20.917625427246094
33.68596267700195
9.328287124633789
23.868106842041016
0.0
-0.04163993522524834
-0.0012618160108104348
-0.022717470303177834
-0.7534868121147156
8.581457138061523
0.40873080492019653
0.15881438553333282
0.4576486647129059
0.0
-0.3633139431476593
0.03980978950858116
-0.005577549804002047
-0.0037854493129998446
0.0
0.0
-8.017637301236391E-4
-0.012705502100288868
3.2027101516723633
13.011608123779297
-0.006238292902708054
9.784159660339355
21.060945510864258
-0.0025236320216208696
-0.0025236320216208696
-0.0037854493129998446
4.918876647949219
12.263616561889648
4.592790603637695
21.885251998901367
-0.03801179304718971
33.55217361450195
9.430374145507812
0.2689879536628723
3.8003170490264893
7.755881309509277
-0.0012618160108104348
-0.03480977565050125
-0.036647018045186996
-0.0025236320216208696
-0.6312858462333679
28.60840606689453
0.0
1.376858115196228
-0.005177822429686785
13.795222282409668
2.3078789710998535
-0.0012618160108104348
0.0
0.35574546456336975
0.0
0.0
0.0013771767262369394
13.216771125793457
1.1947853565216064
0.4597957730293274
0.07750901579856873
0.0
0.0
0.0
-0.004113501403480768
-0.0025236320216208696
-0.0025236320216208696
0.08214321732521057
0.0
-0.4740583598613739
0.1195041686296463
2.0910983085632324
1.6281063556671143
-0.2467947006225586
0.1073562502861023
0.7716241478919983
-0.02208878844976425
3.2703335285186768
16.22942352294922
1.2524827718734741
2.077138662338257
0.0
-0.0030539182480424643
-1.336273126071319E-4
0.0
0.0
0.2343379557132721
15.470830917358398
20.945114135742188
-1.8535289764404297
-0.09854371845722198
0.0
-0.006874165032058954
0.0
0.0
-0.017601806670427322
8.082924842834473
50.386844635009766
4.515590190887451
29.776901245117188
0.14005587995052338
0.0
2.6285829544067383
1.715424656867981
5.147013187408447
0.0
0.0
4.835851192474365
0.3486254811286926
-0.011351050809025764
0.79728102684021
0.0
9.633477210998535
11.910819053649902
6.3778791427612305
0.26834043860435486
0.0
0.0
0.0
-0.3275371789932251
3.478579044342041
-0.1459594964981079
3.008803606033325
0.938719630241394
-0.0012618160108104348
0.0
0.0
-0.00441370764747262
12.940016746520996
0.7372673153877258
7.9193620681762695
0.8488427996635437
-0.02235591411590576
0.0
0.004406965337693691
9.13581371307373
2.7974629402160645
-0.02137742005288601
0.0
0.0
0.0
-0.07668105512857437
18.611236572265625
0.0
0.0
0.011027442291378975
13.883889198303223
0.0
0.0
0.0
0.0
4.203225135803223
13.550572395324707
6.619431018829346
5.560737133026123
0.0
0.06740989536046982
-0.005654309876263142
15.244915962219238
3.2475814819335938
2.6777939796447754
14.866012573242188
3.636892795562744
0.009421181865036488
-0.010155672207474709
19.8577823638916
36.333778381347656
0.0
0.7016382217407227
3.982203245162964
-1.9005659818649292
0.09345211088657379
1.3092018365859985
-0.08091042935848236
0.26209333539009094
1.5732520818710327
0.0
-0.42762935161590576
-1.9656281471252441
5.325911998748779
2.754408359527588
0.0
0.0
4.923902988433838
0.7803605198860168
-0.0061078364960849285
17.738252639770508
14.654821395874023
2.8098363876342773
4.695773124694824
0.7840166091918945
3.745140790939331
7.758334159851074
0.0
0.0
0.16428643465042114
1.6839357614517212
1.2773069143295288
0.030303096398711205
-0.4067455530166626
7.304881572723389
7.634185314178467
-0.5815895199775696
4.745128631591797
14.021269798278809
1.0106884241104126
0.2559903860092163
1.6965444087982178
0.010191855020821095
13.873394966125488
15.576693534851074
7.9041924476623535
2.4193451404571533
17.865129470825195
0.383095920085907
1.3400025367736816
77.30126953125
1.329514741897583
1.4140583276748657
13.958769798278809
15.957551956176758
0.15574613213539124
0.14418163895606995
13.516955375671387
6.254214286804199
4.798066139221191
14.799468040466309
6.0511274337768555
-0.06494905799627304
3.734548807144165
7.290062427520752
0.0
5.008458614349365
5.262714385986328
5.313297271728516
9.297938346862793
10.166328430175781
8.30958366394043
20.087162017822266
1.319787621498108
4.167871952056885
26.73319435119629
7.924898147583008
1.8839716911315918
12.978628158569336
11.052035331726074
0.8313136100769043
-0.06813810020685196
9.867159843444824
2.2812235355377197
6.374653339385986
3.4481067657470703
8.414960861206055
6.111714839935303
19.596656799316406
17.21816635131836
0.5686107873916626
-0.02775995060801506
0.0
0.0
0.0
0.12321482598781586
0.4163048565387726
0.0
0.0
2.9921624660491943
-2.060885429382324
0.9875267148017883
2.1041295528411865
5.125212669372559
0.16703638434410095
0.0
0.0
0.0
0.4121827483177185
5.921306610107422
0.0
0.0
0.0
0.0
-1.3734450340270996
41.08321762084961
38.90364456176758
39.79707336425781
18.785917282104492
23.061603546142578
1.0920348167419434
-0.7394786477088928
-1.1653282642364502
6.981420516967773
0.7643536329269409
-0.06637082248926163
7.2431464195251465
0.06468643993139267
0.0
-0.0012618160108104348
4.6068949699401855
0.016348181292414665
2.7905852794647217
-0.004315734840929508
-0.1449812352657318
-0.17159296572208405
24.0382137298584
0.7508850693702698
3.3821072578430176
18.026081085205078
0.34388381242752075
5.294466018676758
5.988654136657715
-0.0037854493129998446
46.110774993896484
2.533207654953003
-0.0025236320216208696
-0.005577549804002047
-0.0025236320216208696
-0.0025236320216208696
-0.0016626979922875762
-0.016537237912416458
1.9005711078643799
-0.8071895241737366
5.599128246307373
0.19699910283088684
0.016318729147315025
-0.0025236320216208696
-0.0025236320216208696
-0.006238292902708054
0.4354662001132965
-0.3865935504436493
6.163740634918213
11.330655097961426
0.014526627957820892
0.945145845413208
26.250015258789062
5.901145935058594
0.5656228065490723
0.3179730176925659
0.7814322710037231
1.2584463357925415
-0.0012618160108104348
0.0
5.614434719085693
0.053449057042598724
-1.1861642599105835
0.10933740437030792
0.9659879207611084
0.2174266278743744
-0.0012618160108104348
-0.0025236320216208696
0.0
-0.16438132524490356
0.013264809735119343
0.045693643391132355
1.9967304468154907
-0.0012618160108104348
-0.0012618160108104348
22.841341018676758
20.78835678100586
-0.0025236320216208696
-0.0037854493129998446
-0.0012618160108104348
-0.0025236320216208696
-0.00830031931400299
0.0
0.0
0.0
-1.529165506362915
5.884871959686279
-0.3736821413040161
6.083409309387207
50.36246871948242
-1.0148117542266846
-1.3354756832122803
12.757865905761719
26.836214065551758
18.378108978271484
1.243005633354187
-0.018323509022593498
0.11717383563518524
2.96449613571167
5.464169025421143
5.399804592132568
2.546298027038574
-0.0025236320216208696
-0.0025236320216208696
-0.0025236320216208696
-0.0025236320216208696
-0.0012618160108104348
-0.0025236320216208696
-0.0015290711307898164
2.18111252784729
0.20283439755439758
12.360143661499023
21.546743392944336
25.49359893798828
-0.14685513079166412
19.02801513671875
40.847652435302734
8.360395431518555
9.761874198913574
85.75202178955078
1.0806306600570679
-0.007505390793085098
0.08877351135015488
-1.336273126071319E-4
-0.805343508720398
1.1982327699661255
2.950852394104004
5.197821140289307
32.00978469848633
-0.04842468351125717
12.32959270477295
17.21394920349121
1.5982506275177002
0.9414699077606201
0.0
0.0
0.9106414318084717
30.440216064453125
60.56438064575195
9.15214729309082
0.0
0.0
-0.05279935896396637
1.5907992124557495
19.5056209564209
0.00913994386792183
-0.3276149332523346
-0.27773910760879517
3.154562473297119
21.904512405395508
-0.039700914174318314
-0.027485260739922523
9.69410228729248
13.092926025390625
6.006727695465088
4.334869861602783
-0.001033772248774767
5.414324760437012
50.886722564697266
36.92216110229492
3.2258386611938477
0.0
0.0
0.0
0.0
-1.225954294204712
22.130050659179688
0.03778818994760513
10.451119422912598
15.413612365722656
6.3119306564331055
-0.0025236320216208696
-0.0012618160108104348
0.0
0.0
0.0
0.007712187711149454
0.15881703794002533
0.41335874795913696
0.7630764842033386
18.747962951660156
1.604985237121582
-0.0012618160108104348
1.1976540088653564
18.116924285888672
0.2967199385166168
0.0
-0.0012618160108104348
0.0
0.0
-0.06051347777247429
16.367469787597656
6.720217704772949
-0.005842690821737051
0.0
1.8041400909423828
0.04248528555035591
0.0
-2.531008720397949
1.5445257425308228
5.19639253616333
-0.0012618160108104348
0.08214321732521057
11.866434097290039
3.474429130554199
-0.004976476542651653
2.4852137565612793
0.0
0.0
0.12321482598781586
0.6140524744987488
0.3696444630622864
0.0
-0.008017641492187977
-0.5212226510047913
42.84900665283203
18.242345809936523
2.3189175128936768
0.0
-0.7472055554389954
0.3879333436489105
0.862503707408905
0.0
0.0
0.0
0.0
0.0
0.09102747589349747
0.30674129724502563
0.0
-0.04649095982313156
-1.4597604274749756
0.7727655172348022
-0.006309082265943289
0.11942937225103378
1.4354846477508545
0.8138821721076965
0.15620002150535583
0.0
0.0
0.0
0.030297888442873955
-0.03205282613635063
18.27361488342285
5.388516426086426
-0.0012618160108104348
0.0
0.0
0.23430001735687256
0.0
-0.04238465800881386
-0.19815091788768768
15.300254821777344
0.0
0.0
-0.027485260739922523
0.0
-0.7810947299003601
2.4930241107940674
5.3953328132629395
4.931882381439209
2.7304463386535645
-0.0039893086068332195
-0.006681366357952356
1.1674784421920776
20.222946166992188
2.574981212615967
0.1772068440914154
11.346504211425781
3.9689345359802246
0.43963342905044556
0.0
-0.011259044520556927
-1.336273126071319E-4
6.280731678009033
3.1869821548461914
10.053302764892578
5.016386985778809
0.2616157531738281
23.992204666137695
0.08214321732521057
0.0
4.6744065284729
29.072093963623047
11.949716567993164
0.11715000867843628
0.0
0.0
1.2321481704711914
5.067688941955566
0.0
0.1469828337430954
0.08214321732521057
3.2535464763641357
-0.28575053811073303
64.37609100341797
57.444252014160156
21.768600463867188
0.0
0.0
2.920766830444336
1.6562730073928833
-0.06718243658542633
2.421670436859131
3.5138871669769287
-1.0467758178710938
3.3096256256103516
13.137419700622559
0.8779284954071045
0.540600597858429
0.12308119982481003
0.0
-0.008795592002570629
0.0
